0.00000000 0.00000000 0.00000000
1.04427338 3.94506836 3.01672363
2.28096390 8.52307129 6.49249268
2.85901642 10.62628174 8.07934570
3.85193634 14.20281982 10.76794434
4.12496185 15.16522217 11.48553467
4.99389648 18.19287109 13.73284912
5.46567535 19.82556152 14.94152832
6.16933441 22.24029541 16.72320557
6.30068970 22.67736816 17.04168701
6.94485474 24.78683472 18.56848145
7.36563873 26.15789795 19.55871582
8.12409592 28.61859131 21.33264160
8.35341644 29.35671997 21.86297607
9.02183914 31.48876953 23.38867188
9.36545181 32.57812500 24.16613770
9.84240341 34.07727051 25.23193359
9.90760803 34.27288818 25.36804199
10.35980225 35.59796143 26.27923584
10.68219376 36.53808594 26.92419434
11.30463028 38.34686279 28.16284180
11.51575851 38.95709229 28.57958984
12.20700836 40.94531250 29.93402100
12.58838654 42.03924561 30.67816162
13.16837692 43.69754028 31.80432129
13.28413773 44.02496338 32.02551270
13.81460953 45.50769043 33.02050781
14.15353775 46.45117188 33.65222168
14.75282288 48.11334229 34.76306152
14.92756653 48.59460449 35.08337402
15.41559219 49.92681885 35.96594238
15.65915298 50.58746338 36.40209961
15.98299408 51.45751953 36.97326660
16.01701736 51.54257202 37.02667236
16.36711884 52.50189209 37.66613770
16.63319016 53.23907471 38.16076660
17.16998291 54.73712158 39.17010498
17.36402130 55.28399658 39.54064941
18.03458786 57.18847656 40.83666992
18.41531754 58.27407837 41.57708740
19.01385117 59.98822021 42.74908447
19.14615250 60.37188721 43.01324463
19.81671906 62.33813477 44.37493896
20.25918961 63.63983154 45.27795410
21.06352615 66.01251221 46.92639160
21.31048584 66.74456787 47.43627930
22.04278946 68.92694092 48.96057129
22.42351913 70.06542969 49.75720215
22.96031380 71.67816162 50.88836670
23.03969193 71.92199707 51.06134033
23.57648849 73.60675049 52.26904297
23.95722008 74.80700684 53.13128662
24.68952560 77.12310791 54.79772949
24.93648338 77.90808105 55.36389160
25.74081802 80.47625732 57.22003174
26.18328857 81.89260864 58.24493408
26.85385323 84.04553223 59.80499268
26.98615456 84.47454834 60.11730957
27.58469009 86.43713379 61.55322266
27.96541977 87.69030762 62.47167969
28.63598633 89.90496826 64.09735107
28.83002472 90.55010986 64.57226563
29.36682129 92.34951782 65.90185547
29.63289261 93.24673462 66.56646729
29.98299789 94.43807983 67.45245361
30.01701736 94.56201172 67.54724121
30.40913773 95.85317993 68.53833008
30.71122360 96.83593750 69.29302979
31.32604980 98.82067871 70.81762695
31.55096054 99.53909302 71.36975098
32.33557129 102.02462769 73.28051758
32.78318787 103.43664551 74.36627197
33.49062347 105.65789795 76.07446289
33.64938354 106.14974976 76.45288086
34.46486664 108.64688110 78.37524414
35.00508881 110.29537964 79.64447021
35.99035645 113.29327393 81.95300293
36.29464722 114.21441650 82.66247559
37.20274353 116.94802856 84.76837158
37.67681885 118.36999512 85.86401367
38.34897614 120.37622070 87.41015625
38.45103455 120.67388916 87.63977051
39.15920639 122.69366455 89.19940186
39.66415024 124.12719727 90.30651855
40.63912964 126.88586426 92.43750000
40.96987915 127.81692505 93.15692139
42.05290222 130.85150146 95.50207520
42.65045547 132.52148438 96.79284668
43.55928040 135.05361938 98.75012207
43.74072266 135.55401611 99.13714600
44.57237625 137.82180786 100.89190674
45.10377884 139.26525879 102.00903320
46.04347610 141.80895996 103.97796631
46.31752777 142.54580688 104.54852295
47.08303070 144.58703613 106.12963867
47.46512604 145.59979248 106.91430664
47.97327042 146.93444824 107.94885254
48.02672958 147.06567383 108.05096436
48.56639099 148.55786133 109.15380859
48.97549820 149.70568848 109.99700928
49.79952621 152.03955078 111.70495605
50.09672546 152.89218140 112.32568359
51.12195969 155.86355591 114.47985840
51.70352936 157.55780029 115.70568848
52.61685944 160.23397827 117.63745117
52.81814194 160.83358765 118.06738281
53.83565903 163.90914917 120.26025391
54.50653076 165.94573975 121.70983887
55.72525024 169.65881348 124.34899902
56.09899902 170.80487061 125.16149902
57.20581818 174.22274780 127.57812500
57.78076935 176.00631714 128.83703613
58.59046555 178.53366089 130.61657715
58.70953369 178.91638184 130.88305664
59.51022339 181.56527710 132.70770264
60.07746124 183.45303345 134.00518799
61.16755676 187.09664917 136.50549316
61.53469086 188.33200073 137.35107422
62.72897339 192.37503052 140.11242676
63.38551331 194.60510254 141.63366699
64.37969208 197.99571228 143.94323730
64.57530212 198.67185974 144.40155029
65.45758057 201.76727295 146.48852539
66.01820374 203.74432373 147.81903076
67.00466919 207.23910522 150.16711426
67.28958130 208.25759888 150.84924316
68.07594299 211.09997559 152.74554443
68.46504211 212.51782227 153.68878174
68.97570038 214.40164185 154.93664551
69.02429962 214.59844971 155.06298828
69.46142578 216.48226929 156.22155762
69.78749847 217.90011597 157.08831787
70.43730164 220.74250793 158.81872559
70.66819763 221.76098633 159.43530273
71.45507813 225.25576782 161.54101563
71.89865112 227.23281860 162.72949219
72.59034729 230.32821655 164.58508301
72.73965454 231.00436401 164.98718262
73.48022461 234.39495850 166.98870850
73.96569824 236.62503052 168.30224609
74.84334564 240.66802979 170.67913818
75.11015320 241.90339661 171.40289307
75.89262390 245.54702759 173.52966309
76.29650116 247.43478394 174.62878418
76.86030579 250.08367920 176.16571045
76.93968964 250.46640015 176.38403320
77.44947052 252.99374390 177.79943848
77.80705261 254.77731323 178.79437256
78.48918915 258.19519043 180.69537354
78.71630859 259.34124756 181.32983398
79.44732666 263.05432129 183.37683105
79.84679413 265.09091187 184.49682617
80.44734955 268.16647339 186.18334961
80.56263733 268.76608276 186.50891113
81.06801605 271.44226074 187.94531250
81.38590240 273.13653564 188.85095215
81.94015503 276.10791016 190.43328857
82.09733582 276.96051025 190.88397217
82.52113342 279.29437256 192.10589600
82.72718811 280.44219971 192.70257568
82.99028015 281.93441772 193.46954346
83.00971985 282.06564331 193.53027344
83.19927216 283.42129517 194.15020752
83.34230804 284.45205688 194.62084961
83.62953949 286.53228760 195.56964111
83.73270416 287.28460693 195.91223145
84.08737183 289.88531494 197.09539795
84.28820801 291.36221313 197.76696777
84.60299683 293.68444824 198.82214355
84.67198181 294.19805908 199.05511475
85.01893616 296.80267334 200.23443604
85.24733734 298.52154541 201.01232910
85.66172791 301.64660645 202.42602539
85.78851318 302.60632324 202.85992432
86.16302490 305.45291138 204.14562988
86.35725403 306.93310547 204.81378174
86.63015747 309.02050781 205.75537109
86.66984558 309.32952881 205.89428711
86.93373871 311.42144775 206.83142090
87.12023926 312.90551758 207.49584961
87.47802734 315.76043701 208.77319336
87.59820557 316.72348022 209.20373535
87.98815918 319.86074829 210.60522461
88.20222473 321.58679199 211.37591553
88.52584076 324.20306396 212.54357910
88.58915710 324.71948242 212.77374268
88.87289429 327.05725098 213.81347656
89.05278015 328.54461670 214.47448730
89.36868286 331.16473389 215.63830566
89.45955658 331.92315674 215.97485352
89.70912170 334.02224731 216.90478516
89.83215332 335.06304932 217.36541748
89.99270630 336.43319702 217.97082520
90.00727844 336.56683350 218.02917480
90.14682007 337.91073608 218.58203125
90.25184631 338.92901611 218.99755859
90.46239471 340.97930908 219.82995605
90.53784180 341.71844482 220.12792969
90.79670715 344.26727295 221.14916992
90.94316101 345.71282959 221.72656250
91.17245483 347.98254395 222.63012695
91.22253418 348.48248291 222.82714844
91.47369385 351.00814819 223.81359863
91.63888550 352.67309570 224.46215820
91.93836212 355.69729614 225.63745117
92.02986908 356.62451172 225.99633789
92.29976654 359.36956787 227.05401611
92.43960571 360.79528809 227.60168457
92.63581848 362.80261230 228.36962891
92.66416931 363.09744263 228.48022461
92.85137939 365.07775879 229.20764160
92.98349762 366.48028564 229.72052002
93.23667145 369.17520142 230.70288086
93.32156372 370.08258057 231.03198242
93.59661102 373.03344727 232.09729004
93.74746704 374.65539551 232.68133545
93.97528839 377.11105347 233.56286621
94.01969910 377.59396362 233.73443604
94.21794128 379.77050781 234.49829102
94.34344482 381.15322876 234.98138428
94.56354523 383.58575439 235.82812500
94.62670135 384.28802490 236.07080078
94.79957581 386.22534180 236.73364258
94.88459778 387.18359375 237.05926514
94.99513245 388.44049072 237.48162842
95.00485229 388.55953979 237.51806641
95.10488129 390.77758789 238.15582275
95.18090057 392.55969238 238.66595459
95.33427429 396.28198242 239.72882080
95.38970947 397.69042969 240.12969971
95.58129883 402.73178101 241.56097412
95.69007874 405.64447021 242.38690186
95.86109161 410.31216431 243.70886230
95.89889526 411.40032959 244.01599121
96.09048462 417.17098999 245.64019775
96.21690369 421.02911377 246.72521973
96.44670868 428.11880493 248.71789551
96.51727295 430.33758545 249.34075928
96.72650146 437.05361938 251.22399902
96.83528137 440.59146118 252.21533203
96.98865509 445.66818237 253.63647461
97.01133728 446.48181152 253.86328125
97.18571472 453.65942383 255.85095215
97.31250000 458.99798584 257.32788086
97.56074524 469.61566162 260.26318359
97.64674377 473.37796021 261.30224609
97.93357849 486.17004395 264.83245850
98.09343719 493.37237549 266.81927490
98.33947754 504.58816528 269.91174316
98.39051056 506.99932861 270.57556152
98.67298889 521.23437500 274.48529053
98.86408997 531.02465820 277.17260742
99.21861267 549.42395020 282.22070313
99.33137512 555.40441895 283.86029053
99.75100708 578.52850342 290.19146729
99.99790955 592.36865234 293.97857666
100.53588104 623.38507080 302.45800781
101.00000000 651.00000000 310.00000000
