126.14408875 0.00000000 35.02648926
126.26010132 3.36492920 34.79443359
126.35783386 7.24420166 34.50964355
126.38804626 9.01629639 34.37268066
126.42466736 12.01953125 34.13354492
126.42585754 12.82165527 34.06561279
126.41468811 15.33489990 33.84558105
126.40394592 16.68695068 33.72497559
126.37927246 18.68048096 33.54284668
126.36888123 19.03717041 33.50744629
126.30357361 20.74853516 33.33007813
126.25801086 21.85864258 33.21350098
126.17140198 23.84777832 33.00219727
126.14274597 24.44256592 32.93774414
126.05097961 26.15441895 32.74768066
126.00100708 27.02691650 32.64929199
125.92616272 28.22351074 32.51135254
125.91200256 28.37658691 32.49145508
125.80038452 29.40283203 32.35058594
125.71888733 30.12939453 32.24957275
125.55885315 31.52490234 32.05395508
125.50317383 31.99462891 31.98724365
125.31677246 33.52136230 31.76782227
125.21267700 34.36041260 31.64648438
125.05209351 35.63031006 31.46130371
125.01853943 35.87976074 31.42401123
124.85731506 37.00305176 31.25109863
124.75267029 37.71636963 31.14019775
124.56507874 38.97082520 30.94348145
124.50894165 39.33276367 30.88574219
124.34716797 40.33032227 30.72332764
124.26464844 40.82342529 30.64184570
124.15136719 41.46960449 30.53259277
124.13677979 41.53039551 30.52038574
123.98147583 42.13983154 30.41113281
123.86294556 42.60144043 30.32958984
123.62315369 43.53076172 30.16711426
123.53613281 43.86566162 30.10937500
123.23448181 45.02038574 29.91259766
123.06295776 45.67517090 29.80175781
122.79283142 46.70312500 29.62878418
122.73281860 46.92944336 29.59149170
122.42732239 48.07250977 29.40637207
122.22547913 48.82598877 29.28497314
121.85815430 50.19445801 29.06555176
121.74514771 50.61401367 28.99877930
121.40933228 51.85577393 28.80322266
121.23449707 52.50061035 28.70227051
120.98751831 53.40838623 28.56127930
120.95066833 53.54162598 28.54144287
120.69918823 54.43597412 28.41400146
120.52049255 55.06927490 28.32458496
120.17630005 56.28594971 28.15405273
120.05999756 56.69555664 28.09722900
119.68045044 58.02734375 27.91442871
119.47143555 58.75933838 27.81457520
119.15426636 59.86743164 27.66442871
119.09141541 60.08523560 27.63562012
118.80575562 61.06661987 27.50927734
118.62374878 61.69000244 27.42980957
118.30271912 62.78646851 27.29125977
118.20956421 63.10296631 27.25195313
117.95091248 63.97576904 27.14599609
117.82238770 64.40734863 27.09448242
117.65258789 64.97326660 27.02874756
117.63557434 65.02673340 27.02392578
117.47628784 65.62417603 26.97387695
117.35675049 66.08282471 26.93591309
117.11761475 67.01409912 26.85925293
117.03216553 67.35375977 26.83154297
116.73963928 68.53582764 26.73571777
116.57435608 69.20935059 26.68133545
116.31593323 70.27239990 26.59582520
116.25970459 70.51007080 26.57690430
115.97875977 71.72686768 26.48120117
115.79418945 72.53216553 26.41796875
115.45988464 73.99963379 26.30303955
115.35789490 74.45220947 26.26770020
115.05766296 75.80078125 26.16308594
114.90229797 76.50408936 26.10870361
114.68467712 77.49987793 26.03198242
114.65348816 77.65014648 26.02062988
114.44935608 78.68652344 25.94396973
114.30557251 79.42456055 25.88958740
114.03041077 80.84832764 25.78503418
113.93835449 81.33062744 25.74975586
113.64068604 82.90814209 25.63482666
113.47761536 83.77792358 25.57165527
113.23167419 85.09973145 25.47583008
113.18395996 85.36291504 25.45690918
112.97210693 86.56573486 25.37145996
112.83824158 87.33355713 25.31701660
112.60389709 88.69006348 25.22125244
112.53688049 89.08496094 25.19348145
112.35423279 90.18579102 25.11682129
112.26470947 90.73443604 25.07885742
112.14892578 91.46240234 25.02880859
112.13920593 91.53771973 25.02392578
112.03392029 92.26568604 24.92138672
111.95341492 92.81433105 24.83831787
111.79028320 93.91516113 24.66412354
111.73097229 94.31008911 24.59783936
111.52513123 95.66659546 24.35949707
111.40798950 96.43438721 24.22149658
111.22335815 97.63720703 23.99981689
111.18225098 97.90039063 23.94787598
110.97254944 99.22216797 23.67089844
110.83390808 100.09197998 23.48547363
110.58148193 101.66943359 23.14440918
110.50376892 102.15173340 23.03747559
110.27256775 103.57553101 22.71313477
110.15211487 104.31356812 22.54205322
109.98182678 105.34991455 22.29614258
109.95631409 105.50018311 22.25646973
109.78150940 106.49600220 21.96557617
109.65721130 107.19931030 21.75592041
109.41764832 108.54785156 21.34802246
109.33662415 109.00042725 21.20800781
109.07197571 110.46795654 20.74475098
108.92616272 111.27322388 20.48767090
108.70478821 112.48999023 20.09399414
108.66084290 112.72766113 20.01367188
108.46070862 113.79071045 19.63677979
108.33308411 114.46426392 19.39404297
108.10786438 115.64630127 18.96179199
108.04243469 115.98596191 18.83404541
107.86047363 116.91729736 18.47149658
107.76994324 117.37591553 18.28845215
107.65016174 117.97332764 18.04089355
107.63801575 118.02679443 18.01171875
107.54972839 118.61901855 17.73791504
107.48622131 119.07312012 17.53234863
107.36277771 119.99468994 17.12109375
107.32049561 120.33050537 16.97399902
107.18080139 121.49829102 16.47058105
107.10334778 122.16345215 16.18603516
106.98486328 123.21295166 15.74108887
106.96076965 123.44729614 15.64428711
106.84808350 124.64593506 15.16003418
106.77558899 125.43902588 14.84191895
106.64665222 126.88391113 14.26550293
106.60862732 127.32928467 14.08966064
106.50090027 128.65582275 13.57183838
106.44660950 129.34747314 13.30383301
106.37333679 130.32635498 12.92834473
106.36482239 130.47375488 12.87445068
106.32305908 131.48867798 12.52148438
106.29576111 132.21118164 12.27270508
106.24656677 133.60461426 11.79669189
106.23168945 134.07650757 11.63739014
106.18827820 135.61914063 11.12219238
106.16595459 136.46954346 10.83984375
106.13494873 137.76153564 10.41400146
106.13069153 138.01855469 10.33129883
106.12091064 139.19226074 9.96398926
106.11677551 139.94122314 9.73181152
106.11277771 141.26409912 9.32519531
106.11347961 141.64904785 9.20892334
106.12188721 142.72125244 8.89172363
106.12838745 143.25540161 8.73620605
106.14163208 143.96362305 8.53491211
106.14649963 144.03649902 8.51788330
106.18077087 144.78149414 8.33752441
106.20526123 145.34710693 8.20001221
106.25268555 146.48764038 7.92181396
106.26884460 146.89959717 7.82098389
106.32185364 148.32226563 7.47143555
106.35116577 149.12976074 7.27270508
106.39582825 150.39871216 6.95983887
106.40480042 150.67889404 6.89038086
106.44625854 152.09768677 6.53698730
106.47282410 153.03359985 6.30352783
106.51986694 154.73455811 5.87878418
106.53364563 155.25659180 5.74810791
106.57234192 156.80383301 5.35998535
106.59173584 157.60803223 5.15795898
106.61766052 158.74139404 4.87261963
106.62049866 158.90869141 4.83007813
106.63291931 160.03753662 4.54028320
106.64073181 160.83786011 4.33441162
106.65434265 162.37677002 3.93792725
106.65818787 162.89547729 3.80395508
106.66859436 164.58422852 3.36694336
106.67364502 165.51300049 3.12634277
106.68008423 166.92013550 2.76129150
106.68055725 167.19750977 2.68896484
106.67863464 168.45092773 2.36059570
106.67651367 169.24795532 2.15136719
106.67138672 170.65124512 1.78247070
106.66911316 171.05700684 1.67547607
106.66003418 172.17871094 1.37847900
106.65452576 172.73431396 1.23095703
106.64527893 173.46478271 1.03613281
106.64285278 173.53527832 1.01666260
106.51805115 174.37606812 0.90588379
106.41352844 175.02624512 0.83044434
106.18984985 176.35278320 0.68951416
106.10267639 176.83959961 0.64422607
105.78392029 178.54226685 0.50341797
105.59786987 179.51483154 0.42797852
105.29646301 181.05413818 0.31732178
105.22418213 181.40097046 0.29797363
104.83210754 183.18853760 0.22271729
104.56834412 184.37390137 0.17761230
104.08116150 186.53759766 0.10247803
103.92736816 187.20678711 0.08319092
103.45756531 189.20715332 0.03833008
103.20866394 190.25250244 0.01910400
102.84883118 191.73663330 0.00000000
102.78929138 191.96343994 0.00280762
102.34393311 193.54669189 0.06030273
102.02172852 194.67694092 0.10668945
101.39308167 196.86120605 0.20391846
101.17643738 197.60317993 0.24084473
100.45710754 200.03570557 0.37341309
100.05715942 201.37872314 0.45013428
99.44338989 203.42294312 0.57324219
99.31724548 203.83215332 0.60205078
98.72084045 205.71301270 0.75537109
98.33578491 206.91601563 0.85803223
97.64869690 209.04516602 1.04675293
97.44480896 209.66714478 1.10589600
96.86329651 211.40802002 1.28515625
96.56872559 212.27822876 1.37969971
96.16836548 213.43807983 1.51550293
96.11976624 213.56201172 1.53735352
95.69314575 214.77960205 1.75189209
95.37606812 215.69934082 1.91394043
94.74578857 217.54748535 2.23950195
94.52261353 218.21191406 2.35650635
93.76423645 220.49789429 2.75903320
93.33738708 221.79287720 2.98706055
92.67292786 223.82351685 3.34466553
92.53022766 224.26910400 3.42309570
91.82588196 226.51260376 3.81799316
91.36485291 227.99005127 4.07794189
90.53242493 230.67135620 4.54974365
90.27995300 231.49215698 4.69415283
89.54144287 233.91812134 5.12097168
89.16088867 235.17672729 5.34240723
88.63092041 236.94607544 5.65368652
88.55722046 237.20404053 5.69897461
88.09027100 238.92385864 6.00128174
87.76374817 240.14001465 6.21496582
87.14228821 242.47399902 6.62512207
86.93611145 243.25842285 6.76293945
86.27476501 245.80529785 7.21032715
85.91407776 247.20391846 7.45599365
85.37307739 249.31909180 7.82745361
85.27006531 249.73348999 7.90020752
84.82296753 251.59332275 8.22668457
84.54275513 252.77307129 8.43377686
84.05578613 254.84579468 8.79760742
83.91860962 255.44262695 8.90234375
83.55200195 257.08361816 9.19024658
83.37493896 257.89334106 9.33227539
83.15136719 258.95141602 9.51788330
83.13679504 259.04864502 9.53491211
82.93948364 260.16976929 9.70465088
82.78492737 261.03350830 9.83319092
82.46708679 262.79156494 10.09185791
82.34919739 263.43469238 10.18499756
81.93351746 265.67846680 10.50598145
81.69509888 266.95855713 10.68804932
81.31605530 268.98175049 10.97369385
81.22958374 269.43585205 11.03649902
80.77915955 271.76837158 11.35375977
80.47955322 273.31359863 11.56274414
79.93128967 276.13186646 11.94226074
79.76095581 277.00228882 12.05859375
79.24935913 279.60000610 12.40277100
78.98118591 280.95617676 12.58142090
78.59884644 282.87902832 12.83288574
78.53930664 283.17105103 12.86981201
78.11645508 285.19747925 13.11682129
77.81353760 286.64239502 13.29162598
77.22669983 289.43237305 13.62744141
77.02659607 290.37884521 13.74047852
76.36834717 293.47817993 14.10778809
76.00425720 295.18823242 14.30969238
75.44882202 297.78915405 14.61511230
75.33683777 298.30844116 14.67517090
74.81806946 300.68875122 14.94531250
74.48538208 302.20974731 15.11682129
73.89523315 304.89941406 15.41845703
73.72206116 305.68383789 15.50549316
73.23471069 307.87506104 15.74523926
72.99014282 308.96884155 15.86376953
72.66230774 310.42352295 16.01904297
72.62585449 310.57659912 16.03369141
72.25074768 312.12579346 16.21520996
71.96566772 313.30059814 16.35626221
71.39053345 315.66741943 16.64477539
71.18263245 316.52130127 16.75109863
70.46417236 319.46755981 17.12402344
70.05624390 321.13903809 17.33728027
69.41496277 323.76440430 17.67553711
69.27320862 324.34320068 17.75207520
68.55473328 327.27017212 18.14819336
68.08065796 329.20019531 18.41113281
67.21887207 332.70660400 18.89147949
66.95426941 333.78210449 19.04034424
66.16966248 336.96759033 19.48602295
65.76173401 338.62255859 19.71923828
65.18659973 340.95352173 20.05078125
65.10156250 341.29656982 20.10180664
64.52641296 343.60501099 20.46044922
64.11848450 345.24066162 20.71679688
63.33388138 348.38436890 21.21264648
63.06927872 349.44332886 21.38134766
62.20749283 352.88864136 21.93505859
61.73341751 354.78283691 22.24096680
61.01495743 357.65145874 22.70709229
60.87320328 358.21609497 22.80065918
60.23192215 360.76379395 23.23199463
59.82399368 362.38293457 23.50817871
59.10553360 365.23223877 23.99743652
58.89763260 366.05541992 24.14056396
58.32249832 368.32806396 24.54211426
58.03741837 369.45285034 24.74316406
57.66231155 370.92953491 25.01171875
57.62585831 371.07049561 25.04089355
57.26124191 372.52093506 25.28320313
56.98517227 373.62322998 25.46173096
56.42954636 375.84710693 25.81457520
56.22936630 376.65097046 25.93847656
55.53941727 379.42901611 26.35644531
55.14821243 381.00634766 26.59082031
54.53415298 383.48599243 26.95410156
54.39901352 384.03408813 27.03112793
53.71677780 386.81213379 27.40661621
53.26714706 388.64523315 27.65148926
52.45059586 391.97747803 28.09210205
52.20032883 393.00061035 28.22497559
51.45966721 396.03442383 28.61096191
51.07507706 397.61175537 28.80889893
50.53377914 399.83560181 29.08288574
50.45439529 400.16445923 29.11981201
49.92210007 402.38830566 29.34423828
49.54523087 403.96563721 29.49981689
48.82128525 406.99945068 29.79382324
48.57763290 408.02258301 29.89025879
47.78551102 411.35482788 30.19653320
47.35020828 413.18792725 30.36254883
46.69131851 415.96597290 30.60974121
46.56184769 416.51406860 30.65563965
45.97883987 418.99371338 30.84808350
45.60858536 420.57104492 30.96722412
44.95740891 423.34909058 31.17193604
44.76950455 424.15295410 31.22821045
44.25154495 426.37683105 31.37384033
43.99548721 427.47912598 31.44238281
43.65988541 428.92956543 31.52514648
43.62829971 429.07049561 31.52758789
43.29269028 430.53143311 31.54730225
43.03662491 431.64273071 31.56176758
42.51865768 433.88610840 31.59033203
42.33076096 434.69769287 31.60034180
41.67958450 437.50427246 31.63403320
41.30932999 439.09829712 31.65283203
40.72632217 441.60516357 31.68200684
40.59685135 442.15988159 31.68823242
39.93795395 444.97415161 31.71801758
39.50265121 446.83169556 31.73736572
38.71053696 450.20916748 31.77221680
38.46688461 451.24664307 31.78271484
37.74293900 454.32440186 31.81298828
37.36607742 455.92504883 31.82849121
36.83378220 458.18273926 31.84997559
36.75439835 458.51727295 31.85278320
36.21310043 460.78399658 31.86975098
35.82851028 462.39233398 31.88140869
35.08784866 465.48684692 31.90332031
34.83757401 466.53091431 31.91052246
34.02102280 469.93283081 31.93310547
33.57138443 471.80468750 31.94531250
32.88914871 474.64233398 31.96343994
32.75401688 475.20269775 31.96679688
32.13995743 477.74063110 31.98046875
31.74875259 479.35559082 31.98876953
31.05879974 482.20092773 32.00305176
30.85861588 483.02484131 32.00695801
30.30298996 485.30587769 32.01672363
30.02691650 486.43716431 32.02124023
29.66231155 487.92712402 32.02648926
29.62585831 488.07290649 32.02648926
29.28750992 489.50506592 32.05798340
29.03394699 490.58685303 32.08496094
28.52708817 492.76058960 32.14343262
28.34620285 493.54205322 32.16656494
27.72752762 496.23056030 32.25207520
27.37813187 497.75357056 32.30224609
26.83213425 500.14175415 32.38397217
26.71353531 500.66577148 32.40380859
26.12187576 503.30410767 32.51251221
25.73333359 505.04156494 32.58581543
25.02986526 508.19470215 32.72155762
24.81542587 509.15994263 32.76452637
24.18463135 512.01275635 32.89636230
23.85838699 513.49273682 32.96636963
23.40169144 515.57336426 33.06787109
23.33648300 515.87670898 33.08489990
22.91129684 517.89874268 33.21337891
22.61206436 519.32861328 33.30651855
22.03979111 522.07269287 33.48852539
21.84850693 522.99493408 33.55139160
21.23057175 525.98919678 33.76043701
20.89219666 527.63348389 33.87670898
20.38221359 530.12017822 34.05541992
20.28345871 530.60729980 34.09234619
19.84614563 532.79364014 34.26721191
19.57006454 534.18054199 34.38018799
19.08709335 536.61700439 34.58203125
18.94919968 537.31860352 34.64196777
18.57418442 539.24749756 34.81353760
18.39062881 540.19927979 34.90051270
18.15380478 541.44287109 35.01904297
18.13436508 541.55712891 35.03363037
17.91855240 542.81121826 35.22570801
17.75300217 543.77203369 35.37573242
17.41699982 545.72039795 35.68383789
17.29454422 546.42968750 35.79785156
16.86859512 548.89471436 36.19927979
16.62595367 550.29833984 36.42932129
16.24309540 552.51184082 36.79473877
16.15757370 553.00561523 36.87792969
15.72005081 555.52856445 37.31030273
15.43055344 557.19726563 37.59765625
14.90307999 560.23675537 38.12329102
14.74046326 561.17333984 38.28649902
14.25608444 563.96142578 38.77612305
14.00352097 565.41461182 39.03259277
13.64601517 567.47052002 39.39807129
13.59215164 567.77947998 39.45477295
13.22114182 569.90295410 39.85620117
12.95700455 571.41400146 40.14355469
12.44754410 574.32745361 40.70007324
12.27500153 575.31365967 40.88970947
11.71087265 578.53643799 41.51306152
11.39987564 580.31268311 41.85778809
10.92734909 583.01062012 42.38342285
10.83332062 583.54687500 42.48925781
10.40388107 585.99334717 42.97888184
10.12981796 587.55401611 43.29272461
9.64570999 590.30981445 43.84924316
9.50482941 591.11126709 44.01245117
9.11232376 593.34222412 44.47119141
8.91677475 594.45300293 44.70129395
8.65744781 595.92468262 45.00939941
8.63071823 596.07531738 45.04345703
8.40290833 597.52600098 45.40405273
8.23437119 598.61877441 45.67907715
7.90038681 600.81066895 46.23535156
7.78265762 601.59667969 46.43713379
7.38408661 604.29547119 47.13616943
7.16019058 605.82269287 47.53363037
6.81242752 608.21472168 48.15936279
6.73824692 608.73779297 48.29821777
6.37440491 611.36322021 49.00506592
6.13672638 613.09057617 49.47198486
5.70829773 616.22290039 50.32153320
5.57875443 617.18041992 50.58288574
5.20113373 620.00598145 51.35913086
5.00699997 621.47039795 51.76318359
4.73751450 623.52612305 52.33380127
4.70066071 623.82385254 52.41882324
4.47169113 625.79406738 52.99847412
4.31229019 627.18511963 53.41027832
4.00991440 629.85180664 54.20324707
3.91013718 630.74652100 54.47113037
3.59168625 633.64666748 55.34509277
3.41849899 635.23785400 55.82635498
3.15967178 637.64166260 56.55651855
3.11100388 638.11083984 56.70111084
2.90298080 640.20782471 57.35797119
2.77334595 641.53607178 57.77636719
2.54924393 643.86651611 58.51422119
2.48679733 644.53582764 58.72827148
2.32232285 646.36987305 59.32226563
2.24379730 647.27264404 59.61730957
2.14651489 648.44775391 60.00695801
2.14165497 648.55224609 60.04583740
2.09164047 649.71685791 60.53527832
2.05363083 650.61059570 60.91589355
1.97694778 652.42517090 61.69519043
1.94922638 653.08673096 61.98254395
1.85342789 655.38867188 62.99121094
1.79903793 656.70019531 63.56848145
1.71353531 658.76995850 64.48388672
1.69463730 659.23254395 64.69134521
1.59884262 661.60009766 65.76562500
1.53563309 663.16680908 66.47906494
1.42072678 666.02172852 67.78277588
1.38544464 666.90209961 68.18682861
1.28083420 669.52484131 69.39721680
1.22644424 670.89257813 70.03070068
1.14976120 672.82897949 70.93182373
1.13841629 673.12097168 71.07080078
1.06173325 675.13391113 72.04846191
1.00734329 676.56726074 72.74749756
0.90272903 679.33215332 74.10009766
0.86744690 680.26873779 74.56042480
0.75254059 683.33142090 76.07189941
0.68933105 685.01995850 76.90710449
0.59353256 687.58587646 78.17980957
0.57463455 688.09661865 78.43542480
0.48913193 690.43035889 79.61480713
0.43474197 691.91992188 80.37011719
0.33894730 694.55145264 81.70837402
0.31122971 695.31744385 82.10015869
0.23454285 697.45214844 83.19964600
0.19653320 698.51593018 83.75024414
0.14651871 699.92712402 84.48626709
0.14165497 700.07287598 84.56646729
0.11790085 701.42102051 85.30242920
0.10239792 702.43078613 85.85302734
0.07448578 704.44848633 86.95251465
0.06606293 705.16815186 87.34423828
0.04154587 707.62854004 88.68249512
0.02895737 709.01782227 89.43774414
0.01151657 711.18817139 90.61718750
0.00915146 711.65930176 90.87280273
0.00393295 714.00781250 92.14550781
0.00181961 715.54974365 92.98071289
0.00000000 718.34100342 94.49218750
0.00054932 719.19158936 94.95245361
0.00580215 721.69281006 96.30505371
0.00975418 722.98614502 97.00415039
0.01766968 724.79602051 97.98181152
0.02050400 725.05395508 98.12072754
0.05093002 726.73327637 99.02185059
0.07417297 727.91467285 99.65539551
0.12122726 730.17346191 100.86584473
0.13831711 730.92810059 101.26989746
0.19759369 733.36505127 102.57360840
0.23131180 734.69915771 103.28704834
0.28442764 736.70928955 104.36132813
0.29624176 737.09814453 104.56872559
0.35643768 738.81823730 105.48425293
0.39621735 739.90374756 106.06152344
0.46863174 741.80200195 107.07019043
0.49091721 742.34356689 107.35754395
0.55717468 743.81506348 108.13684082
0.59167862 744.53479004 108.51745605
0.64044189 745.46228027 109.00683594
0.64773178 745.53765869 109.04565430
0.73851395 746.34960938 109.51928711
0.80903244 746.97033691 109.88647461
0.95332336 748.22717285 110.63659668
1.00647736 748.68383789 110.91235352
1.19293594 750.26849365 111.87829590
1.29960632 751.17004395 112.43054199
1.46870041 752.59069824 113.30511475
1.50697327 752.90679932 113.50256348
1.70500946 754.51843262 114.52252197
1.83648300 755.58367920 115.19927979
2.07669449 757.52301025 116.43518066
2.15111160 758.11999512 116.81768799
2.37395477 759.89538574 117.96228027
2.49054337 760.82006836 118.56079102
2.65633011 762.12713623 119.41113281
2.68184280 762.32275391 119.54150391
2.89265060 763.86096191 120.61254883
3.04782867 764.98376465 121.40008545
3.35427856 767.18823242 122.95434570
3.46177292 767.95507813 123.49902344
3.82417297 770.52166748 125.33361816
4.02730942 771.95483398 126.36145020
4.34202957 774.16540527 127.95312500
4.40864944 774.62701416 128.28955078
4.79153824 777.21533203 130.21752930
5.05310440 778.97229004 131.53369141
5.54211044 782.24035645 133.99304199
5.69968796 783.28466797 134.78479004
6.29986191 787.20281982 137.79547119
6.65671921 789.51696777 139.58422852
7.44791412 794.59088135 143.54553223
8.14409256 799.00000000 147.02648926
