0.00000000 0.00000000 0.00000000
1.04431152 2.78472900 1.97241211
2.30725098 6.03356934 4.30078125
2.90783691 7.53302002 5.38616943
3.94952393 10.08978271 7.24761963
4.24185181 10.78186035 7.75775146
5.18206787 12.96597290 9.37841797
5.69564819 14.14599609 10.25750732
6.46734619 15.89538574 11.56701660
6.61523438 16.21478271 11.81030273
7.34997559 17.76348877 13.00091553
7.83187866 18.77154541 13.77807617
8.70343018 20.58300781 15.17797852
8.96856689 21.12762451 15.60083008
9.74685669 22.70498657 16.83166504
10.14880371 23.51239014 17.46386719
10.71035767 24.62634277 18.34039307
10.78973389 24.77377319 18.45947266
11.34906006 25.77966309 19.28265381
11.74908447 26.49444580 19.86914063
12.52316284 27.87115479 21.00109863
12.78665161 28.33636475 21.38476563
13.65209961 29.85455322 22.64013672
14.13040161 30.69067383 23.33251953
14.85931396 31.95935059 24.38500977
15.00576782 32.21069336 24.59484863
15.68194580 33.35333252 25.55474854
16.11502075 34.08135986 26.16772461
16.88250732 35.36547852 27.25115967
17.10729980 35.73809814 27.56677246
17.73828125 36.77267456 28.44726563
18.05435181 37.28680420 28.88635254
18.47695923 37.96600342 29.46954346
18.52313232 38.03402710 29.53027344
18.97198486 38.67120361 30.17126465
19.31057739 39.14935303 30.65991211
19.99032593 40.10589600 31.64770508
20.23437500 40.44769287 32.00579834
21.07315063 41.61779785 33.24597168
21.54806519 42.27893066 33.95092773
22.29229736 43.31262207 35.06060791
22.45529175 43.53753662 35.30676270
23.27478027 44.66131592 36.55853271
23.81417847 45.39959717 37.38531494
24.79269409 46.73684692 38.88946533
25.09204102 47.14477539 39.35192871
25.97598267 48.34570313 40.72558594
26.43432617 48.96713257 41.44042969
27.07824707 49.83764648 42.44970703
27.17181396 49.96240234 42.59997559
27.79321289 50.77893066 43.62280273
28.23226929 51.35406494 44.34924316
29.07443237 52.45465088 45.74798584
29.35723877 52.82290649 46.22045898
30.27462769 54.01354980 47.76129150
30.77819824 54.66589355 48.60955811
31.53930664 55.64959717 49.89636230
31.68817139 55.84051514 50.15106201
32.35479736 56.68792725 51.30725098
32.77731323 57.22332764 52.04364014
33.51916504 58.16076660 53.34204102
33.73251343 58.42883301 53.71850586
34.31805420 59.15936279 54.76281738
34.60662842 59.51745605 55.28143311
34.98300171 59.98062134 55.96588135
35.01702881 60.01953125 56.03393555
35.44592285 60.47741699 56.68688965
35.77951050 60.83099365 57.17846680
36.46261597 61.55175781 58.16430664
36.71453857 61.81597900 58.51763916
37.59893799 62.73913574 59.73046875
38.10510254 63.26623535 60.41668701
38.90783691 64.10003662 61.49121094
39.08972168 64.28762817 61.72607422
40.03204346 65.25323486 62.90417480
40.65777588 65.89337158 63.67907715
41.80139160 67.06137085 65.08422852
42.15582275 67.42242432 65.51367188
43.21774292 68.50103760 66.78051758
43.77349854 69.06451416 67.43701172
44.56408691 69.86410522 68.35827637
44.68600464 69.98602295 68.49151611
45.54412842 70.83514404 69.37225342
46.15777588 71.44107056 69.99401855
47.34506226 72.61163330 71.18560791
47.74914551 73.00909424 71.58526611
49.07600403 74.31152344 72.88043213
49.80923462 75.03045654 73.59088135
50.92654419 76.12445068 74.66400146
51.15100098 76.34320068 74.87335205
52.18664551 77.34777832 75.80816650
52.84988403 77.99005127 76.40008545
54.02505493 79.12649536 77.43841553
54.36911011 79.45825195 77.73645020
55.33473206 80.38623047 78.55273438
55.81835938 80.84985352 78.95440674
56.46478271 81.46728516 79.47680664
56.53527832 81.53289795 79.52294922
57.36553955 82.47595215 80.26074219
58.00671387 83.21865845 80.84692383
59.31373596 84.75134277 82.06311035
59.79284668 85.32238770 82.51940918
61.46701050 87.34265137 84.14227295
62.42286682 88.50332642 85.07702637
63.93493652 90.35189819 86.56994629
64.27514648 90.77572632 86.91485596
66.02645874 92.99279785 88.73065186
67.18740845 94.46932983 89.94213867
69.30586243 97.17401123 92.16455078
69.96075439 98.01574707 92.85803223
71.91714478 100.54870605 94.95056152
72.93914795 101.87805176 96.05065918
74.38948059 103.77621460 97.62524414
74.61061096 104.07388306 97.87469482
76.15098572 106.20166016 99.67431641
77.25018311 107.72781372 100.96740723
79.37377930 110.68716431 103.47790527
80.09483337 111.69760132 104.33673096
82.45767212 115.02545166 107.17010498
83.76190186 116.86743164 108.73986816
85.74658203 119.67959595 111.13909912
86.14349365 120.24801636 111.62579346
87.96609497 122.88845825 113.89508057
89.13143921 124.58325195 115.35351563
91.19329834 127.59222412 117.94567871
91.79525757 128.47653198 118.70904541
93.47897339 130.96978760 120.86694336
94.32019043 132.22256470 121.95318604
95.44049072 133.90527344 123.41613770
95.55957031 134.09481812 123.58374023
96.56959534 135.73028564 125.02038574
97.31625366 136.94256592 126.08422852
98.79513550 139.34802246 128.19335938
99.31607056 140.19757080 128.93743896
101.07855225 143.07821655 131.45825195
102.06829834 144.69778442 132.87487793
103.60505676 147.21569824 135.07611084
103.93251038 147.75436401 135.54626465
105.53677368 150.40350342 137.85485840
106.58442688 152.13552856 139.36352539
108.47232056 155.25982666 142.08386230
109.04286194 156.20574951 142.90686035
110.70501709 158.96734619 145.30749512
111.55917358 160.38848877 146.54217529
112.74423218 162.36398315 148.25720215
112.90583801 162.63613892 148.49249268
113.90631104 164.34149170 149.95989990
114.60224915 165.53109741 150.98242188
115.92161560 167.79101563 152.92321777
116.35656738 168.53851318 153.56433105
117.74346924 170.92965698 155.61260986
118.49728394 172.23171997 156.72717285
119.62316895 174.18075562 158.39404297
119.83438110 174.54931641 158.70825195
120.73452759 176.13562012 160.05548096
121.29486084 177.12677002 160.89605713
122.26254272 178.84429932 162.35070801
122.53164673 179.32531738 162.75701904
123.23831177 180.60070801 163.83026123
123.57492065 181.21289063 164.34393311
123.99032593 181.97817993 164.98291016
124.00976563 182.02191162 165.01690674
124.32011414 182.66113281 165.53509521
124.56669617 183.16528320 165.94519043
125.07827759 184.20657349 166.79412842
125.27018738 184.59497070 167.11169434
125.95272827 185.97033691 168.23840332
126.34585571 186.76083374 168.88659668
126.97375488 188.02044678 169.92077637
127.11880493 188.30963135 170.15893555
127.88240051 189.82391357 171.40917969
128.39184570 190.83267212 172.24267578
129.32641602 192.68103027 173.77075195
129.61801147 193.25653076 174.24700928
130.49792480 194.98913574 175.68249512
130.96051025 195.89868164 176.43652344
131.62258911 197.19796753 177.51483154
131.72747803 197.40209961 177.68493652
132.48410034 198.86346436 178.90722656
133.02770996 199.91192627 179.78479004
134.08319092 201.94549561 181.48779297
134.44427490 202.64007568 182.06988525
135.63543701 204.92831421 183.98895264
136.29536438 206.19508362 185.05175781
137.30398560 208.12942505 186.67535400
137.50857544 208.52066040 187.00421143
138.46252441 210.33923340 188.53527832
139.07560730 211.50677490 189.51867676
140.16525269 213.58001709 191.26574707
140.48616028 214.18954468 191.77990723
141.39326477 215.90888977 193.23150635
141.84986877 216.77308655 193.96166992
142.46478271 217.93441772 194.94396973
142.53526306 218.06564331 195.05572510
143.23947144 219.44757080 196.16931152
143.77261353 220.50085449 197.01202393
144.84553528 222.62988281 198.70751953
145.23202515 223.40145874 199.31811523
146.56402588 226.07345581 201.42163086
147.31924438 227.59216309 202.61401367
148.50460815 229.98246765 204.48535156
148.76542664 230.51260376 204.89697266
150.08200073 233.20776367 206.97338867
150.94966125 234.98773193 208.34167480
152.52532959 238.22586060 210.82617188
153.00820923 239.22142029 211.58740234
154.43724060 242.17785645 213.83972168
155.17922974 243.71640015 215.00903320
156.22348022 245.88841248 216.65441895
156.37657166 246.21160889 216.89538574
157.40281677 248.41061401 218.50927734
158.12936401 249.97232056 219.65148926
159.52493286 252.97892761 221.84533691
159.99459839 253.99432373 222.58337402
161.52139282 257.30578613 224.98236084
162.36038208 259.12878418 226.30053711
163.63027954 261.89392090 228.29528809
163.87976074 262.44107056 228.68701172
165.00302124 264.92456055 230.44970703
165.71633911 266.50610352 231.56884766
166.97079468 269.29440308 233.53662109
167.33273315 270.10287476 234.10424805
168.33030701 272.34490967 235.66784668
168.82344055 273.45819092 236.44055176
169.46963501 274.92712402 237.45263672
169.53038025 275.07290649 237.54736328
170.17132568 276.51034546 238.54895020
170.65995789 277.59661865 239.31262207
171.64778137 279.78015137 240.85668945
172.00585938 280.56542969 241.41650391
173.24606323 283.26818848 243.35583496
173.95101929 284.79956055 244.45819092
175.06066895 287.20138550 246.19360352
175.30683899 287.72869873 246.57873535
176.55862427 290.38516235 248.53723145
177.38540649 292.13482666 249.83093262
178.88957214 295.31054688 252.18463135
179.35206604 296.28295898 252.90838623
180.72567749 299.15771484 255.05822754
181.44055176 300.64941406 256.17718506
182.44989014 302.74691772 257.75720215
182.60014343 303.05310059 257.99255371
183.62297058 305.09658813 259.59503174
184.34942627 306.54196167 260.73327637
185.74810791 309.31640625 262.92498779
186.22053528 310.24914551 263.66528320
187.76135254 313.27825928 266.08007813
188.60963440 314.94192505 267.40960693
189.89642334 317.45837402 269.42651367
190.15109253 317.95166016 269.82580566
191.30734253 320.16714478 271.63891602
192.04371643 321.57284546 272.79364014
193.34207153 324.04296875 274.82983398
193.71858215 324.75457764 275.42041016
194.76290894 326.71203613 277.05865479
195.28153992 327.67831421 277.87243652
195.96600342 328.94171143 278.94641113
196.03404236 329.05834961 279.05334473
196.76051331 330.54757690 280.16943359
197.31515503 331.70739746 281.01916504
198.43751526 334.08432007 282.73547363
198.84489441 334.96185303 283.35693359
200.25730896 338.04498291 285.50720215
201.06056213 339.81018066 286.72882080
202.32569885 342.61102295 288.65075684
202.60684204 343.24652100 289.07641602
204.03854370 346.54190063 291.23828125
204.98457336 348.73101807 292.66558838
206.70632935 352.73263550 295.26135254
207.23608398 353.97351074 296.05908203
208.81054688 357.69281006 298.42651367
209.63035583 359.63989258 299.65802002
210.78854370 362.41098022 301.39587402
210.96148682 362.83905029 301.65380859
212.14218140 365.85772705 303.40515137
212.98127747 368.01705933 304.64831543
214.59754944 372.19619751 307.04089355
215.14384460 373.61895752 307.84851074
216.92669678 378.29266357 310.48089600
217.90855408 380.87591553 311.92968750
219.39859009 384.81304932 314.12652588
219.69390869 385.60449219 314.56072998
221.03668213 389.25927734 316.52929688
221.89230347 391.60052490 317.78240967
223.40164185 395.74987793 319.99084473
223.83973694 396.96524048 320.63061523
225.05627441 400.37805176 322.40350342
225.66091919 402.08795166 323.28326416
226.45991516 404.37487793 324.44287109
226.54010010 404.62515259 324.55706787
227.26029968 406.94357300 325.59057617
227.79742432 408.68048096 326.36224365
228.86764526 412.15182495 327.90100098
229.24786377 413.39031982 328.44818115
230.54336548 417.62521362 330.31445313
231.27359009 420.01663208 331.36694336
232.41215515 423.75311279 333.00872803
232.65785217 424.56439209 333.36358643
233.87617493 428.61022949 335.12567139
234.67475891 431.26678467 336.28118896
236.11834717 436.07617188 338.37078857
236.55715942 437.54196167 339.00634766
237.84382629 441.85293579 340.87152100
238.50790405 444.08227539 341.83465576
239.43479919 447.20245361 343.17993164
239.56521606 447.64755249 343.36987305
240.40206909 450.54714966 344.59362793
240.98896790 452.58740234 345.45251465
242.10842896 456.48870850 347.09191895
242.48107910 457.79241943 347.63830566
243.68029785 462.00305176 349.39794922
244.33554077 464.30847168 350.35998535
245.32051086 467.78256226 351.80700684
245.50950623 468.45492554 352.08532715
246.33753967 471.43060303 353.30792236
246.85829163 473.30880737 354.07757568
247.76608276 476.59381104 355.42041016
248.02343750 477.53131104 355.80175781
248.71696472 480.07977295 356.83197021
249.05407715 481.32662964 357.33361816
249.48420715 482.93438721 357.97558594
249.51580811 483.06561279 358.02423096
249.79887390 484.35824585 358.50860596
250.00991821 485.33499146 358.87518311
250.43034363 487.29818726 359.61273193
250.57965088 488.00418091 359.87829590
251.08828735 490.43383789 360.79345703
251.37492371 491.81039429 361.31231689
251.82180786 493.96929932 362.12658691
251.91819763 494.44320679 362.30566406
252.39595032 496.83041382 363.20922852
252.70906067 498.40264893 363.80468750
253.27500916 501.25631714 364.88586426
253.44699097 502.13003540 365.21716309
253.95120239 504.71295166 366.19738770
254.21139526 506.05313110 366.70629883
254.57449341 507.93750000 367.42236328
254.62551880 508.21249390 367.52728271
254.95259094 510.04733276 368.22985840
255.18191528 511.34506226 368.72729492
255.61923218 513.83599854 369.68237305
255.76477051 514.67333984 370.00366211
256.23297119 517.39257813 371.04821777
256.48873901 518.88604736 371.62219238
256.87316895 521.14489746 372.49078369
256.94686890 521.58758545 372.66131592
257.26953125 523.57568359 373.42895508
257.47238159 524.83703613 373.91632080
257.82592773 527.05346680 374.77337646
257.92608643 527.69189453 375.02062988
258.19583130 529.44793701 375.70172119
258.32687378 530.31463623 376.03833008
258.49392700 531.44775391 376.47924805
258.50607300 531.55224609 376.52050781
258.66262817 532.75885010 376.97717285
258.78466797 533.68859863 377.32727051
259.03491211 535.58117676 378.03765869
259.12734985 536.27368164 378.29644775
259.45239258 538.68963623 379.19622803
259.63851929 540.06805420 379.70867920
259.93395996 542.24670410 380.51708984
260.00103760 542.73577881 380.69763184
260.34921265 545.24822998 381.62054443
260.58056641 546.91271973 382.23107910
261.00354004 549.94860840 383.34350586
261.13473511 550.88623047 383.68640137
261.52810669 553.68481445 384.70751953
261.73410034 555.14587402 385.23986816
262.02731323 557.21765137 385.99316406
262.07269287 557.53234863 386.10656738
262.45071411 560.07373047 387.00775146
262.72937012 561.93743896 387.66674805
263.28021240 565.60827637 388.96234131
263.47369385 566.89105225 389.41381836
264.12677002 571.20178223 390.92742920
264.49310303 573.61401367 391.77331543
265.06100464 577.34381104 393.07934570
265.18151855 578.12866211 393.35290527
265.87664795 582.59057617 394.89550781
266.35202026 585.63024902 395.94421387
267.24139404 591.30059814 397.89715576
267.52838135 593.12121582 398.52239990
268.62380981 600.01098633 400.87670898
269.27578735 604.09582520 402.26940918
270.72369385 613.10998535 405.33123779
272.00000000 621.00000000 408.00000000
