52.36972809 0.00000000 0.00000000
55.85059738 7.77398682 7.54180908
59.72253799 16.63787842 16.05267334
61.43478394 20.64752197 19.86682129
64.27958679 27.40307617 26.25659180
65.00573730 29.18395996 27.91931152
67.22267151 34.72290039 33.05285645
68.39673615 37.68975830 35.79040527
70.09337616 42.04022217 39.78173828
70.37356567 42.80236816 40.46545410
71.65732574 46.41632080 43.66662598
72.47749329 48.75189209 45.72674561
73.92763519 52.92309570 49.39270020
74.35044098 54.16284180 50.47473145
75.53111267 57.70574951 53.54193115
76.12030792 59.50271606 55.08880615
76.90361786 61.94979858 57.17797852
76.98583221 62.25030518 57.42175293
77.47202301 64.21945190 58.97143555
77.80653381 65.60675049 60.05596924
78.43540955 68.26199341 62.12121582
78.63992310 69.15060425 62.80700684
79.28357697 72.02453613 65.00860596
79.63076782 73.59927368 66.20996094
80.14443207 75.97448730 68.01281738
80.23751831 76.43566895 68.35681152
80.61676025 78.48419189 69.85363770
80.84873962 79.77886963 70.79260254
81.24278259 82.04605103 72.42565918
81.34854126 82.69464111 72.88653564
81.61257172 84.46313477 74.12084961
81.73312378 85.33035278 74.71807861
81.87093353 86.45269775 75.47436523
81.86850739 86.54748535 75.52539063
81.67543030 87.70660400 76.06628418
81.51235962 88.60534668 76.47888184
81.16189575 90.44210815 77.31335449
81.02455139 91.11773682 77.61596680
80.52046204 93.48468018 78.66461182
80.22573090 94.83789063 79.26080322
79.74736786 96.98168945 80.19946289
79.63208008 97.46600342 80.40783691
79.00450897 99.96801758 81.46801758
78.58188629 101.62829590 82.16839600
77.80070496 104.66052246 83.44274902
77.55374146 105.59930420 83.83465576
76.79828644 108.40835571 84.99902344
76.39770508 109.87731934 85.60510254
75.81791687 111.96487427 86.46105957
75.72152710 112.28524780 86.58868408
74.99767303 114.53039551 87.45812988
74.47361755 116.13442993 88.07574463
73.45062256 119.23611450 89.26513672
73.09782410 120.29064941 89.66699219
71.92562103 123.75054932 90.97802734
71.27368164 125.66162109 91.69989014
70.27273560 128.57202148 92.79516602
70.06672668 129.15557861 93.01208496
69.09149933 131.84283447 93.99731445
68.46160126 133.56262207 94.62487793
67.33717346 136.60806274 95.73168945
67.00328064 137.49865723 96.05273438
66.05010986 139.99459839 96.94372559
65.56700134 141.24340820 97.38629150
64.90982056 142.91015625 97.97070313
64.82963562 143.08996582 98.02905273
64.06741333 145.19787598 98.59240723
63.49427032 146.82482910 99.01702881
62.34601593 150.14010620 99.86901855
61.93493652 151.35482788 100.17462158
60.52539063 155.59777832 101.22436523
59.72828293 158.01989746 101.81848145
58.48080444 161.85061646 102.74926758
58.20864487 162.71197510 102.95300293
56.84540558 167.14401245 103.97570801
55.94907379 170.08151245 104.64868164
54.32453918 175.44122314 105.86926270
53.82841492 177.09771729 106.24243164
52.36594772 182.04516602 107.34399414
51.60852814 184.62933350 107.91503906
50.54627228 188.29577637 108.71679688
50.39318085 188.85430908 108.83300781
49.38494492 192.74133301 109.60327148
48.67383194 195.51455688 110.14727783
47.31169510 200.87167358 111.19030762
46.85525894 202.69024658 111.54040527
45.37735748 208.64868164 112.67535400
44.56702042 211.93737793 113.29815674
43.34379578 216.94116211 114.23919678
43.10565948 217.94143677 114.42297363
42.04450226 222.53295898 115.24505615
41.37307739 225.46826172 115.76593018
40.19615936 230.66113281 116.67999268
39.85879517 232.17681885 116.94262695
38.93655396 236.41500854 117.66271973
38.48342514 238.53204346 118.01733398
37.89524078 241.35058594 118.47924805
37.84421158 241.64947510 118.52050781
37.45035934 244.45751953 118.80383301
37.16380310 246.56555176 119.00537109
36.60246277 250.78424072 119.39379883
36.40787125 252.29220581 119.52526855
35.75841904 257.45654297 119.95458984
35.39634323 260.37515259 120.19128418
34.83885956 264.93945313 120.55053711
34.72309494 265.93310547 120.62182617
34.17011642 270.90069580 120.94689941
33.81189728 274.16491699 121.15429688
33.17080688 280.07812500 121.52032471
32.97952271 281.88238525 121.62670898
32.43040085 287.19552612 121.92260742
32.15100861 289.94543457 122.06994629
31.76882553 293.79861450 122.26495361
31.72063065 294.35144043 122.28479004
31.45099258 297.97503662 122.35827637
31.26807022 300.52813721 122.40136719
30.92796326 305.41491699 122.47155762
30.81936836 307.05050659 122.48864746
30.48376465 312.34051514 122.52478027
30.30469894 315.23925781 122.53857422
30.04342270 319.61172485 122.54870605
29.99853516 320.46081543 122.54357910
29.82922363 324.23324585 122.48352051
29.72898865 326.61767578 122.43731689
29.56418037 330.79336548 122.34326172
29.52315140 331.98806763 122.30883789
29.43267059 335.24618530 122.18872070
29.39614296 336.84414673 122.12023926
29.36486816 338.91253662 122.01202393
29.37458801 339.08752441 121.98767090
29.46936607 340.62542725 121.72717285
29.54088593 341.76870728 121.52807617
29.68450165 344.04165649 121.12512207
29.73608208 344.84661865 120.97875977
29.91341591 347.58245850 120.47131348
30.01383591 349.12246704 120.18261719
30.17123222 351.52001953 119.72790527
30.20572472 352.03503418 119.62683105
30.37919998 354.57791138 119.11169434
30.49340057 356.24249268 118.77111816
30.70059395 359.24826050 118.15136719
30.76398849 360.16003418 117.96069336
30.95124435 362.82748413 117.39367676
31.04835701 364.20211792 117.09838867
31.18480682 366.11676025 116.68115234
31.20465088 366.38327026 116.61877441
31.33659935 368.07281494 116.19250488
31.42985153 369.25451660 115.88952637
31.60874748 371.50393677 115.30578613
31.66883469 372.25033569 115.10839844
31.86380768 374.64514160 114.46417236
31.97084236 375.95141602 114.10937500
32.13264847 377.91088867 113.57080078
32.16430664 378.28414917 113.46405029
32.30617905 379.90533447 112.97827148
32.39612198 380.92169189 112.66857910
32.55407333 382.68823242 112.12231445
32.59951019 383.18606567 111.96374512
32.72429276 384.51730347 111.52307129
32.78580856 385.16052246 111.30401611
32.86608505 385.97326660 111.01440430
32.87337494 386.02673340 110.98522949
32.83810043 386.79223633 110.76916504
32.80057526 387.39495850 110.61315918
32.71076965 388.63839722 110.30908203
32.67131424 389.10153198 110.20458984
32.51563263 390.73977661 109.85791016
32.42164230 391.68084717 109.66528320
32.26403046 393.17953491 109.37011719
32.22292328 393.52304077 109.30957031
31.98620987 395.31945801 109.02465820
31.82441711 396.51577759 108.84094238
31.52182770 398.70703125 108.51336670
31.42425537 399.38891602 108.41638184
31.11973572 401.44058228 108.14025879
30.95629120 402.51727295 108.00054932
30.71599197 404.05453491 107.81115723
30.67346573 404.29550171 107.78857422
30.33862686 406.01733398 107.67114258
30.09414864 407.25225830 107.59320068
29.61405563 409.64669800 107.45080566
29.44702721 410.46420288 107.40673828
28.88783073 413.15643311 107.27465820
28.57554626 414.64654541 107.20556641
28.09379959 416.92138672 107.10736084
27.99315834 417.38113403 107.09228516
27.50948334 419.51641846 107.04553223
27.19554520 420.88690186 107.02050781
26.63276672 423.31997681 106.98400879
26.46431923 424.03494263 106.97766113
25.97898865 426.05059814 106.97503662
25.73143768 427.06335449 106.97906494
25.39159966 428.42346191 106.99511719
25.34785843 428.57656860 107.00476074
24.96075058 430.24133301 107.27282715
24.67268372 431.51516724 107.49291992
24.09956741 434.09655762 107.95843506
23.89639282 435.03533936 108.13732910
23.20530891 438.29522705 108.78509521
22.81612587 440.15063477 109.16143799
22.20993423 443.07546997 109.76806641
22.07952499 443.72705078 109.91168213
21.43474579 447.05255127 110.68298340
21.01248932 449.25140381 111.20037842
20.24974442 453.25537109 112.15393066
20.01821899 454.48852539 112.45385742
19.34036446 458.15744019 113.36621094
18.99087143 460.06909180 113.84838867
18.50374985 462.77230835 114.54321289
18.43571091 463.17770386 114.65661621
18.00261307 465.95745850 115.49548340
17.69942474 467.93469238 116.10113525
17.12190056 471.74575806 117.28100586
16.93006516 473.03512573 117.68670654
16.31395149 477.24685669 119.03125000
15.97768974 479.56753540 119.77801514
15.47292709 483.09136963 120.92266846
15.37653732 483.79113770 121.15710449
14.95666885 486.97991943 122.26055908
14.69317055 489.01339722 122.97204590
14.23471260 492.60284424 124.24017334
14.10524750 493.64605713 124.61560059
13.75814438 496.54763794 125.68383789
13.59009171 497.99148560 126.22393799
13.37701988 499.90280151 126.95611572
13.36244011 500.09719849 127.04357910
13.24916077 501.81417847 127.99108887
13.16664505 503.09149170 128.71575928
13.00486946 505.63217163 130.18389893
12.94872093 506.53259277 130.71765137
12.76112747 509.59457397 132.57019043
12.65648079 511.31869507 133.62451172
12.49525452 514.00378418 135.28613281
12.46170616 514.58117676 135.65612793
12.30112457 517.43481445 137.54345703
12.19703102 519.30334473 138.79119873
12.01063156 522.67828369 141.06298828
11.95495605 523.70251465 141.76251221
11.79492569 526.70050049 143.84326172
11.71343231 528.24603271 144.92730713
11.60181808 530.39971924 146.45996094
11.58764267 530.70025635 146.68957520
11.50754547 532.61083984 148.26269531
11.45306396 533.94799805 149.38146973
11.35155487 536.49456787 151.53759766
11.31903076 537.34020996 152.26696777
11.21816826 540.05523682 154.64874268
11.16423798 541.53680420 155.96099854
11.08533478 543.76031494 157.95330811
11.07163239 544.18463135 158.34875488
11.01909447 546.03131104 160.15014648
10.98776627 547.18981934 161.29864502
10.93587112 549.20501709 163.32574463
10.92271805 549.77374268 163.91479492
10.89278412 551.29736328 165.55236816
10.88027573 552.03460693 166.36706543
10.86851883 552.96838379 167.44519043
10.87094879 553.03161621 167.55456543
10.85919189 553.71856689 168.57482910
10.84668350 554.24420166 169.34008789
10.81674576 555.30938721 170.87042236
10.80359268 555.69677734 171.41693115
10.75169945 557.04187012 173.28723145
10.72036934 557.80749512 174.34375000
10.66783333 559.01434326 175.99536133
10.65413284 559.28314209 176.35449219
10.57522964 560.65527344 178.14758301
10.52129745 561.56256104 179.32531738
10.42043304 563.21466064 181.45837402
10.38790894 563.72344971 182.10888672
10.28640366 565.23724365 184.02319336
10.23192215 566.02600098 185.01367188
10.15182114 567.14135742 186.40063477
10.13764572 567.30859375 186.59912109
10.02603149 568.45550537 187.89605713
9.94453812 569.27124023 188.80932617
9.78450584 570.84356689 190.55645752
9.72883034 571.37554932 191.14074707
9.54243088 573.11315918 193.02941895
9.43833542 574.07055664 194.06390381
9.27775383 575.52441406 195.62365723
9.24420738 575.81311035 195.92602539
9.08298302 577.12866211 197.26708984
8.97833824 577.96752930 198.11425781
8.79074478 579.44836426 199.59680176
8.73459625 579.87872314 200.02050781
8.57281876 581.07574463 201.17413330
8.49030304 581.67138672 201.73925781
8.37702179 582.45989990 202.46948242
8.36244202 582.54010010 202.53027344
8.20714569 583.38635254 203.13446045
8.08861542 584.03149414 203.59155273
7.84880638 585.33581543 204.51110840
7.76178741 585.80865479 204.84216309
7.46014404 587.44628906 205.98254395
7.28861427 588.37719727 206.62896729
7.01848602 589.84246826 207.64331055
6.95847893 590.16754150 207.86633301
6.65297890 591.82061768 208.99133301
6.45112991 592.91247559 209.73260498
6.08379745 594.89886475 211.07843018
5.97079086 595.50964355 211.49072266
5.63497162 597.32366943 212.71051025
5.46013260 598.26776123 213.34375000
5.21315765 599.60076904 214.23461914
5.17630386 599.79919434 214.36505127
4.92482567 601.15020752 215.23791504
4.74612999 602.10974121 215.85571289
4.40195084 603.95721436 217.04205322
4.28563690 604.58123779 217.44116211
3.90608597 606.61651611 218.73815918
3.69707108 607.73706055 219.45074463
3.37990189 609.43676758 220.52905273
3.31706238 609.77319336 220.74072266
3.03140640 611.30059814 221.69299316
2.84940338 612.27337646 222.29748535
2.52837372 613.98852539 223.36035156
2.43521500 614.48590088 223.66687012
2.17657089 615.86560059 224.51098633
2.04803848 616.55078125 224.92810059
1.87823868 617.45501709 225.47436523
1.86122894 617.54492188 225.52539063
1.73870087 618.45446777 226.04528809
1.65068436 619.14416504 226.43994141
1.47982407 620.53356934 227.23535156
1.42139053 621.03479004 227.52258301
1.22866821 622.76422119 228.51416016
1.12191010 623.74536133 229.07684326
0.95877075 625.28637695 229.96105957
0.92569733 625.62609863 230.15625000
0.77156067 627.34393311 231.14392090
0.67251968 628.47668457 231.79541016
0.49651718 630.53454590 232.97937012
0.44470215 631.16577148 233.34265137
0.29828262 633.03521729 234.41912842
0.22459793 634.00640869 234.97851563
0.12540436 635.37432861 235.76684570
0.11405945 635.57562256 235.88305664
0.07564163 637.10858154 236.77185059
0.05405426 638.22131348 237.41748047
0.02050400 640.39733887 238.68066406
0.01333618 641.14978027 239.11779785
0.00230026 643.65570068 240.57458496
0.00000000 645.05120850 241.38610840
0.00338745 647.19689941 242.63439941
0.00858688 647.64056396 242.89282227
0.08432007 650.08251953 244.31884766
0.14403915 651.73193359 245.28271484
0.26736832 654.78808594 247.06958008
0.31335831 655.75823975 247.63732910
0.53053284 659.35430908 249.74523926
0.67069244 661.46655273 250.98425293
1.02164459 666.05499268 253.67932129
1.36972809 670.00000000 256.00000000
