2.59999084 0.00000000 2.94458008
2.13589478 1.85650635 2.24835205
1.63995361 4.07666016 1.53588867
1.42906189 5.12280273 1.24658203
1.08746338 6.92816162 0.79272461
1.00555420 7.42938232 0.69299316
0.76510620 9.03277588 0.41778564
0.64088440 9.90588379 0.28161621
0.46731567 11.21276855 0.10296631
0.44274902 11.45989990 0.08593750
0.34161377 12.67956543 0.04296875
0.27949524 13.47784424 0.02313232
0.17358398 14.91918945 0.00000000
0.14492798 15.35632324 0.00000000
0.07247925 16.63500977 0.02313232
0.03903198 17.29382324 0.04296875
0.00000000 18.21130371 0.08593750
0.00000000 18.33886719 0.10296631
0.01800537 19.23083496 0.25854492
0.03344727 19.86779785 0.37481689
0.06689453 21.09912109 0.60705566
0.08012390 21.51751709 0.68969727
0.12899780 22.88958740 0.97204590
0.15765381 23.64727783 1.13134766
0.20434570 24.80078125 1.38012695
0.21569824 25.03186035 1.43395996
0.27780151 26.09472656 1.70190430
0.31970215 26.77465820 1.87780762
0.39724731 27.97839355 2.19592285
0.42181396 28.33020020 2.29272461
0.49714661 29.31536865 2.57727051
0.53713989 29.80798340 2.72430420
0.59515381 30.46490479 2.92987061
0.60487366 30.53533936 2.95898438
0.68914795 31.24481201 3.23284912
0.75166321 31.78247070 3.43835449
0.87576294 32.86511230 3.84973145
0.91964722 33.25549316 3.99676514
1.06846619 34.60174561 4.50024414
1.15216064 35.36529541 4.78479004
1.28231812 36.56427002 5.22979736
1.31021118 36.82843018 5.32666016
1.44744873 38.16308594 5.81085205
1.53720093 39.04296875 6.12902832
1.69915771 40.64123535 6.70538330
1.74822998 41.13128662 6.88122559
1.89154053 42.58227539 7.39904785
1.96530151 43.33593750 7.66705322
2.06793213 44.39715576 8.04254150
2.08209229 44.55303955 8.09643555
2.17120361 45.60070801 8.44946289
2.23339844 46.34277344 8.69812012
2.35162354 47.76867676 9.17407227
2.39076233 48.24884033 9.33337402
2.51606750 49.81042480 9.84863281
2.58433533 50.66876221 10.13098145
2.68658447 51.96844482 10.55688477
2.70594788 52.22412109 10.63958740
2.78953552 53.37652588 11.00689697
2.84181213 54.10870361 11.23901367
2.93247986 55.39678955 11.64562988
2.95791626 55.76873779 11.76190186
3.02551270 56.79489136 12.07910156
3.05802917 57.30255127 12.23461914
3.09878540 57.96850586 12.43591309
3.10122681 58.03167725 12.45288086
3.11572266 58.71337891 12.55969238
3.12573242 59.23455811 12.63421631
3.14456177 60.28997803 12.77581787
3.15069580 60.67346191 12.82269287
3.17010498 62.00433350 12.97265625
3.18057251 62.76156616 13.05432129
3.19610596 63.95480347 13.17663574
3.19894409 64.22036743 13.19982910
3.21060181 65.57440186 13.29956055
3.21777344 66.46942139 13.36199951
3.22998047 68.09887695 13.47015381
3.23330688 68.60052490 13.50048828
3.24165344 70.09234619 13.58099365
3.24551392 70.86941528 13.61962891
3.25000000 71.96783447 13.66809082
3.25000000 72.13226318 13.67089844
3.24551392 73.25769043 13.66082764
3.24165344 74.05795288 13.64935303
3.23330688 75.59997559 13.62121582
3.22998047 76.12145996 13.60852051
3.21777344 77.82421875 13.55780029
3.21060181 78.76226807 13.52697754
3.19894409 80.18627930 13.47509766
3.19610596 80.46884155 13.46136475
3.18057251 81.75524902 13.38183594
3.17010498 82.57531738 13.32727051
3.15069580 84.02252197 13.22521973
3.14456177 84.44287109 13.19226074
3.12573242 85.61132813 13.08898926
3.11572266 86.19250488 13.03344727
3.10122681 86.96121216 12.95172119
3.09878540 87.03894043 12.93713379
3.08428955 87.72888184 12.92370605
3.07429504 88.24252319 12.92675781
3.05546570 89.26464844 12.95025635
3.04931641 89.62713623 12.96740723
3.02993774 90.86050415 13.05065918
3.01947021 91.55517578 13.10485840
3.00393677 92.63739014 13.20227051
3.00109863 92.87033081 13.23156738
2.98944092 94.02264404 13.41516113
2.98226929 94.77740479 13.54333496
2.97003174 96.14093018 13.78662109
2.96673584 96.55493164 13.86712646
2.95835876 97.76733398 14.12463379
2.95449829 98.39254761 14.26477051
2.94999695 99.26416016 14.47460938
2.94999695 99.38604736 14.51428223
2.95449829 100.16314697 14.84118652
2.95835876 100.70730591 15.08172607
2.96673584 101.74414063 15.55651855
2.97003174 102.08868408 15.72302246
2.98226929 103.19561768 16.28405762
2.98944092 103.79986572 16.59851074
3.00109863 104.70715332 17.08544922
3.00393677 104.88055420 17.18847656
3.01947021 105.63671875 17.68963623
3.02993774 106.11145020 18.01611328
3.04931641 106.93768311 18.60345459
3.05546570 107.17114258 18.78033447
3.07429504 107.79772949 19.29357910
3.08428955 108.10134888 19.55664063
3.09878540 108.48672485 19.92016602
3.10122681 108.51342773 19.96887207
3.15774536 108.87780762 20.37976074
3.20376587 109.16342163 20.68328857
3.30062866 109.75100708 21.28430176
3.33764648 109.96905518 21.49591064
3.47106934 110.73828125 22.21148682
3.54843140 111.17953491 22.61322021
3.67285156 111.88122559 23.23687744
3.70214844 112.04138184 23.36968994
3.85873413 112.87622070 24.01971436
3.96366882 113.43161011 24.44409180
4.15682983 114.44805908 25.20861816
4.21746826 114.76391602 25.43957520
4.40161133 115.71282959 26.11218262
4.49880981 116.21032715 26.45764160
4.63867188 116.91973877 26.93688965
4.66134644 117.03030396 27.00219727
4.82821655 117.81625366 27.40484619
4.94857788 118.37936401 27.68475342
5.18289185 119.47042847 28.21520996
5.26336670 119.84252930 28.38995361
5.52984619 121.06671143 28.94677734
5.67776489 121.74392700 29.24932861
5.90435791 122.77709961 29.70092773
5.95066833 122.98547363 29.78552246
6.16825867 123.95114136 30.14514160
6.30847168 124.57049561 30.36889648
6.55821228 125.66925049 30.75488281
6.63208008 125.99172974 30.86206055
6.84196472 126.89950562 31.14294434
6.94799805 127.35510254 31.27648926
7.09153748 127.96603394 31.44079590
7.10855103 128.03408813 31.44812012
7.27310181 128.73956299 31.55993652
7.39712524 129.27621460 31.64843750
7.64599609 130.35955811 31.83166504
7.73529053 130.75149536 31.90026855
8.04206848 132.10687256 32.14367676
8.21572876 132.87670898 32.28381348
8.48776245 134.08734131 32.50744629
8.54730225 134.35522461 32.55895996
8.84634399 135.71447754 32.82946777
9.04315186 136.61163330 33.00988770
9.40007019 138.24291992 33.34051514
9.50921631 138.74401855 33.44360352
9.83142090 140.23059082 33.75427246
9.99845886 141.00372314 33.91754150
10.23301697 142.09423828 34.15100098
10.26702881 142.25579834 34.18786621
10.49258423 143.35083008 34.45281982
10.65190125 144.12783813 34.64312744
10.95738220 145.62280273 35.01239014
11.05992126 146.12719727 35.13861084
11.39242554 147.77072144 35.55480957
11.57489014 148.67504883 35.78533936
11.85060120 150.04595947 36.13751221
11.90444946 150.31671143 36.20886230
12.14543152 151.54290771 36.54113770
12.29812622 152.32318115 36.75451660
12.56613159 153.69796753 37.13366699
12.64315796 154.09606934 37.24523926
12.85437012 155.19824219 37.56042480
12.95838928 155.74487305 37.71899414
13.09393311 156.46481323 37.93225098
13.10609436 156.53527832 37.95660400
13.20487976 157.14495850 38.18566895
13.27738953 157.59707642 38.35766602
13.42031860 158.49441528 38.70214844
13.47033691 158.81143188 38.82525635
13.63853455 159.88681030 39.24719238
13.73271179 160.49154663 39.48571777
13.87841797 161.43188477 39.85876465
13.90911865 161.63314819 39.94006348
14.05802917 162.62365723 40.34661865
14.15496826 163.27139282 40.61376953
14.32913208 164.43994141 41.09790039
14.38150024 164.79385376 41.24560547
14.53317261 165.82736206 41.68078613
14.61080933 166.35931396 41.90600586
14.71792603 167.09902954 42.22180176
14.73208618 167.20108032 42.26721191
14.81669617 167.84173584 42.56494141
14.87503052 168.28881836 42.77478027
14.98489380 169.13836670 43.17651367
15.02072144 169.41952515 43.31103516
15.13381958 170.31927490 43.74621582
15.19491577 170.80932617 43.98474121
15.28549194 171.54309082 44.34460449
15.30203247 171.68200684 44.41455078
15.37008667 172.28076172 44.72546387
15.41189575 172.65505981 44.92205811
15.48316956 173.30398560 45.26647949
15.50245667 173.48590088 45.36505127
15.55122375 173.96887207 45.63409424
15.57373047 174.20092773 45.76611328
15.59999084 174.49151611 45.93713379
15.59999084 174.50854492 45.95172119
15.59474182 174.76763916 46.04925537
15.59024048 174.97271729 46.11828613
15.58050537 175.39721680 46.25079346
15.57664490 175.55596924 46.29534912
15.56239319 176.11932373 46.44018555
15.55404663 176.44345093 46.51971436
15.54042053 176.96051025 46.64013672
15.53710938 177.07958984 46.66369629
15.51898193 177.70471191 46.77001953
15.50677490 178.12145996 46.83740234
15.48416138 178.88549805 46.95593262
15.47698975 179.12365723 46.99011230
15.45501709 179.84136963 47.08422852
15.44335938 180.21844482 47.13073730
15.42643738 180.75753784 47.19165039
15.42359924 180.84259033 47.19726563
15.40217590 181.45373535 47.21313477
15.38665771 181.89251709 47.22094727
15.35632324 182.74401855 47.23150635
15.34584045 183.03509521 47.23266602
15.31100464 183.99462891 47.22900391
15.29162598 184.52603149 47.22479248
15.26184082 185.33782959 47.21435547
15.25570679 185.50225830 47.20959473
15.22656250 186.26776123 47.17474365
15.20773315 186.75946045 47.14953613
15.17408752 187.63302612 47.10058594
15.16407776 187.89007568 47.08374023
15.13548279 188.61587524 47.02789307
15.12098694 188.98095703 46.99688721
15.10124207 189.47210693 46.94934082
15.09881592 189.52801514 46.93963623
15.08956909 190.09268188 46.88684082
15.08406067 190.52078247 46.85131836
15.07498169 191.38317871 46.78576660
15.07269287 191.69421387 46.76513672
15.06756592 192.76733398 46.70178223
15.06544495 193.37609863 46.66827393
15.06352234 194.33218384 46.61975098
15.06399536 194.54290771 46.61169434
15.07044983 195.60833740 46.58319092
15.07550049 196.31079102 46.56671143
15.08589172 197.58697510 46.54046631
15.08975220 197.97836304 46.53442383
15.10336304 199.13748169 46.52294922
15.11117554 199.73962402 46.51916504
15.12359619 200.58767700 46.51806641
15.12643433 200.71243286 46.52093506
15.15235901 201.55145264 46.56036377
15.17173767 202.14587402 46.59130859
15.21043396 203.28826904 46.65515137
15.22421265 203.67303467 46.67883301
15.27127075 204.92480469 46.76257324
15.29782104 205.61294556 46.81066895
15.33926392 206.65502930 46.88708496
15.34825134 206.86007690 46.90454102
15.39291382 207.78509521 46.99572754
15.42221069 208.37292480 47.05645752
15.47525024 209.40728760 47.16760254
15.49139404 209.70605469 47.20214844
15.53881836 210.53076172 47.30615234
15.56333923 210.93887329 47.36065674
15.59759521 211.47454834 47.43847656
15.60244751 211.52557373 47.45068359
15.68923950 212.20303345 47.63867188
15.75877380 212.73266602 47.78771973
15.90373230 213.82073975 48.09643555
15.95846558 214.22369385 48.21203613
16.15403748 215.64297485 48.62255859
16.26695251 216.45654297 48.85882568
16.44773865 217.74911499 49.23596191
16.48979187 218.04345703 49.32287598
16.71238708 219.57464600 49.77978516
16.86112976 220.59271240 50.08447266
17.13435364 222.45510864 50.64306641
17.21980286 223.03338623 50.81726074
17.47824097 224.76907349 51.34252930
17.61430359 225.67852783 51.61853027
17.80941772 226.97439575 52.01330566
17.84060669 227.17568970 52.07568359
18.06724548 228.60211182 52.52441406
18.23031616 229.62350464 52.84667969
18.54727173 231.60162354 53.47222900
18.65586853 232.27581787 53.68609619
19.01463318 234.49255371 54.39135742
19.21354675 235.71844482 54.78204346
19.51782227 237.58801270 55.37890625
19.57972717 237.96459961 55.49987793
19.86920166 239.70745850 56.06335449
20.05545044 240.82473755 56.42529297
20.38673401 242.80618286 57.06848145
20.48445129 243.38726807 57.25781250
20.76126099 245.02151489 57.79260254
20.90078735 245.84121704 58.06164551
21.08909607 246.93927002 58.42376709
21.11096191 247.06076050 58.46508789
21.36228943 248.35314941 58.84289551
21.55584717 249.33944702 59.12548828
21.94969177 251.33459473 59.68951416
22.09371948 252.05847168 59.89038086
22.59606934 254.56738281 60.57635498
22.88262939 255.99401855 60.96343994
23.33547974 258.24053955 61.56774902
23.43705750 258.73950195 61.69860840
23.95870972 261.27929688 62.34985352
24.30424500 262.95730591 62.77722168
24.93440247 266.01083374 63.55035400
25.12898254 266.95013428 63.78570557
25.70962524 269.74133301 64.47717285
26.01272583 271.19442749 64.83447266
26.44241333 273.24694824 65.33398438
26.50761414 273.55310059 65.40484619
26.95980835 275.64163208 65.86389160
27.28221130 277.12557983 66.18640137
27.90464783 279.98364258 66.80261230
28.11578369 280.94943237 67.00830078
28.80702209 284.10073853 67.67138672
29.18840027 285.83609009 68.03417969
29.76838684 288.46920776 68.58044434
29.88414001 288.99084473 68.68579102
30.41461182 291.36160278 69.15039063
30.75354004 292.87203979 69.44311523
31.35282898 295.53604126 69.95458984
31.52758789 296.30902100 70.10021973
32.01560974 298.45486450 70.49475098
32.25915527 299.52114868 70.68725586
32.58299255 300.92956543 70.93463135
32.61701965 301.07049561 70.95410156
32.95661926 302.37911987 71.18041992
33.21368408 303.35986328 71.35491943
33.73097229 305.32037354 71.71044922
33.91729736 306.02008057 71.84063721
34.55935669 308.41320801 72.29510498
34.92337036 309.76480103 72.55444336
35.49468994 311.87689209 72.96453857
35.62036133 312.33569336 73.05664063
36.25469971 314.62466431 73.53039551
36.67272949 316.12780762 73.84436035
37.43183899 318.84942627 74.41711426
37.66445923 319.67904663 74.59411621
38.35281372 322.11959839 75.12243652
38.71020508 323.38186646 75.39831543
39.21315002 325.14889526 75.78967285
39.28686523 325.40118408 75.84924316
39.78080750 327.04666138 76.26306152
40.13049316 328.20474243 76.55822754
40.80212402 330.41955566 77.12841797
41.02813721 331.15991211 77.32189941
41.76278687 333.55157471 77.95562744
42.16648865 334.86126709 78.30541992
42.77749634 336.83514404 78.83752441
42.89750671 337.21740723 78.94378662
43.43775940 338.91027832 79.43151855
43.78082275 339.97906494 79.74328613
44.38410950 341.84878540 80.29461670
44.55815125 342.38262939 80.45544434
45.03776550 343.83462524 80.90515137
45.27484131 344.54534912 81.12976074
45.58541870 345.46237183 81.42858887
45.61457825 345.53768921 81.46020508
45.89366150 346.28668213 81.76428223
46.10371399 346.85333252 81.99340820
46.52481079 347.99316406 82.45281982
46.67568970 348.40353394 82.61755371
47.19345093 349.81707764 83.18316650
47.48635864 350.61831665 83.50323486
47.94493103 351.87557983 84.00451660
48.04508972 352.15200806 84.11413574
48.54740906 353.54626465 84.66430664
48.87780762 354.46490479 85.02636719
49.47677612 356.13287354 85.68286133
49.65979004 356.64385986 85.88354492
50.19956970 358.15551758 86.47564697
50.47924805 358.94024658 86.78247070
50.87167358 360.04425049 87.21325684
50.92835999 360.20584106 87.27557373
51.30278015 361.28732300 87.68835449
51.56701660 362.05273438 87.97979736
52.07336426 363.52258301 88.53845215
52.24314880 364.01705933 88.72583008
52.79322815 365.62390137 89.33337402
53.09495544 366.50674438 89.66674805
53.55059814 367.84265137 90.17028809
53.63941956 368.10488892 90.26855469
54.03588867 369.28451538 90.70776367
54.28689575 370.03338623 90.98596191
54.72709656 371.35000610 91.47412109
54.85340881 371.72967529 91.61425781
55.19917297 372.77532959 91.99835205
55.36921692 373.29199219 92.18750000
55.59027100 373.96844482 92.43359375
55.60972595 374.03161621 92.45538330
55.80978394 374.65029907 92.67523193
55.96182251 375.11743164 92.84179688
56.26856995 376.05578613 93.17712402
56.37945557 376.39300537 93.29797363
56.76263428 377.55279541 93.71478271
56.98019409 378.20971680 93.95117188
57.32220459 379.23959351 94.32238770
57.39781189 379.46545410 94.40417480
57.78099060 380.60211182 94.81713867
58.03382874 381.35052490 95.08935547
58.49343872 382.70858765 95.58380127
58.63455200 383.12420654 95.73547363
59.05302429 384.35235596 96.18420410
59.27058411 384.98944092 96.41723633
59.57731628 385.88482666 96.74536133
59.62268066 386.01522827 96.79357910
59.92942810 386.88360596 97.11718750
60.14698792 387.49749756 97.34643555
60.56546021 388.67550659 97.78686523
60.70658875 389.07128906 97.93518066
61.16619873 390.35604858 98.41735840
61.41903687 391.06146240 98.68237305
61.80221558 392.12811279 99.08361816
61.87780762 392.33694458 99.16253662
62.21983337 393.27368164 99.51818848
62.43739319 393.86773682 99.74414063
62.82057190 394.91122437 100.14154053
62.93145752 395.21157837 100.25634766
63.23818970 396.03692627 100.57281494
63.39022827 396.44403076 100.72930908
63.59030151 396.97570801 100.93463135
63.60974121 397.02429199 100.95410156
63.77828217 397.62951660 101.21722412
63.90330505 398.09963989 101.42327881
64.15151978 399.06158447 101.84704590
64.23925018 399.41595459 102.00421143
64.53689575 400.65899658 102.55847168
64.70428467 401.37011719 102.87640381
64.96463013 402.49743652 103.38183594
65.02038574 402.75259399 103.49707031
65.29487610 404.07281494 104.09759521
65.47439575 404.94934082 104.49707031
65.79832458 406.55072021 105.22802734
65.89643860 407.04681396 105.45520020
66.18305969 408.53244019 106.13732910
66.33061218 409.30969238 106.49487305
66.53584290 410.41497803 107.00469971
66.56418610 410.58505249 107.08410645
66.74239349 411.78036499 107.64794922
66.86679077 412.63479614 108.05175781
67.10324860 414.28762817 108.83422852
67.18152618 414.84991455 109.10107422
67.43212891 416.69567871 109.97875977
67.56865692 417.71551514 110.46423340
67.77313995 419.26910400 111.20483398
67.81188965 419.58096313 111.35412598
67.97906494 421.01879883 112.04577637
68.08361816 421.93939209 112.48937988
68.26494598 423.57015991 113.27630615
68.31581879 424.04739380 113.50720215
68.45102692 425.38598633 114.15698242
68.51604462 426.05615234 114.48309326
68.59756470 426.95141602 114.92022705
68.60243225 427.04861450 114.96881104
68.66294861 428.08044434 115.32714844
68.70996094 428.86761475 115.58569336
68.80616760 430.45983887 116.08923340
68.84159851 431.03741455 116.26220703
68.96591187 433.03884888 116.83526611
69.03701782 434.17681885 117.15344238
69.14974976 435.96859741 117.64099121
69.17526245 436.36645508 117.74060059
69.30729675 438.39102173 118.20947266
69.39494324 439.72854614 118.51159668
69.55507660 442.16235352 119.05004883
69.60469055 442.91094971 119.20935059
69.75325012 445.13507080 119.66217041
69.83097839 446.29290771 119.89111328
69.94149780 447.92810059 120.20104980
69.95851135 448.17193604 120.23785400
70.07803345 449.83416748 120.42626953
70.16348267 451.01510620 120.55096436
70.32876587 453.28942871 120.77807617
70.38499451 454.05786133 120.84814453
70.56958008 456.56500244 121.05657959
70.67155457 457.94549561 121.16528320
70.82690430 460.04010010 121.31915283
70.85809326 460.45495605 121.34228516
71.00187683 462.33987427 121.41052246
71.09393311 463.54067993 121.44592285
71.25701904 465.65844727 121.49548340
71.30474854 466.27282715 121.50268555
71.43860626 467.97808838 121.49761963
71.50562286 468.82528687 121.48620605
71.59515381 469.94412231 121.45294189
71.60487366 470.05590820 121.43591309
71.69439697 471.19573975 121.31866455
71.76141357 472.06097412 121.23516846
71.89527893 473.80520630 121.07409668
71.94299316 474.43505859 121.01953125
72.10607147 476.60983276 120.84106445
72.19812775 477.84408569 120.74267578
72.34190369 479.78347778 120.59313965
72.37309265 480.21154785 120.56335449
72.52845001 482.37860107 120.42730713
72.63043213 483.80798340 120.34045410
72.81500244 486.40557861 120.18701172
72.87123871 487.20269775 120.14239502
73.03652954 489.56488037 120.01794434
73.12196350 490.79251099 119.95593262
73.24150085 492.52243042 119.87365723
73.25851440 492.77758789 119.86523438
73.36903381 494.49850464 119.83239746
73.44674683 495.71841431 119.81286621
73.59530640 498.06390381 119.78039551
73.64492798 498.85437012 119.77209473
73.80506897 501.42752075 119.75305176
73.89271545 502.84259033 119.74511719
74.02473450 504.98629761 119.73742676
74.05024719 505.40872192 119.73889160
74.16298676 507.31704712 119.76013184
74.23410034 508.53036499 119.77697754
74.35841370 510.66635132 119.81176758
74.39385223 511.28390503 119.82482910
74.49004364 512.99047852 119.87084961
74.53705597 513.83569336 119.89733887
74.59757233 514.94653320 119.93957520
74.60243225 515.05346680 119.94934082
74.59992981 516.12756348 119.99682617
74.59291840 516.94122314 120.02777100
74.57206726 518.57952881 120.08361816
74.56120300 519.17010498 120.10046387
74.51443481 521.20629883 120.14953613
74.48521423 522.36108398 120.17468262
74.43459320 524.17413330 120.20959473
74.42042542 524.57336426 120.21429443
74.33508301 526.59033203 120.22473145
74.27609253 527.91979980 120.22900391
74.16482544 530.33465576 120.23266602
74.12844849 531.07495117 120.23156738
74.01332855 533.26666260 120.22106934
73.95103455 534.40490723 120.21313477
73.85851288 536.00732422 120.19726563
73.84150696 536.24267578 120.19165039
73.70396423 537.82263184 120.13079834
73.60308838 538.94152832 120.08435059
73.40435791 541.09143066 119.99023438
73.33489990 541.81518555 119.95605469
73.10144806 544.16894531 119.83752441
72.97079468 545.46264648 119.77014160
72.76876831 547.42120361 119.66381836
72.72624207 547.80627441 119.64019775
72.52035522 549.54168701 119.51977539
72.38639832 550.64410400 119.44018555
72.14578247 552.58337402 119.29541016
72.07348633 553.14324951 119.25085449
71.86428833 554.68737793 119.11828613
71.75726318 555.45104980 119.04931641
71.60972595 556.45263672 118.95178223
71.59028625 556.54736328 118.93713379
71.47426605 557.66973877 118.71881104
71.39425659 558.53698730 118.54626465
71.24357605 560.30548096 118.18939209
71.19443512 560.95404053 118.05603027
71.03935242 563.22119141 117.58331299
70.95556641 564.51593018 117.31146240
70.83134460 566.56439209 116.87799072
70.80865479 567.02557373 116.77832031
70.71531677 569.40081787 116.25543213
70.65798187 570.97552490 115.90692139
70.56022644 573.84942627 115.26818848
70.53376770 574.73803711 115.06921387
70.46688843 577.39331055 114.46972656
70.43601990 578.78063965 114.15490723
70.39999390 580.74975586 113.70483398
70.39999390 581.05023193 113.63403320
70.43601990 583.14544678 113.12548828
70.46688843 584.64080811 112.76049805
70.53376770 587.53015137 112.05224609
70.56022644 588.51135254 111.81030273
70.65798187 591.72741699 111.01269531
70.71531677 593.50280762 110.57104492
70.80865479 596.20471191 109.89642334
70.83134460 596.74523926 109.75988770
70.95556641 599.22851563 109.12451172
71.03935242 600.81646729 108.71649170
71.19443512 603.62646484 107.99182129
71.24357605 604.44702148 107.77856445
71.39425659 606.74285889 107.17694092
71.47426605 607.89013672 106.87438965
71.59028625 609.41857910 106.46752930
71.60972595 609.58142090 106.42138672
71.66271973 611.06781006 106.12481689
71.68870544 612.17907715 105.91674805
71.72233582 614.39691162 105.51989746
71.72517395 615.18658447 105.38775635
71.70919037 617.88250732 104.96240234
71.69265747 619.40356445 104.72991943
71.65351105 621.77795410 104.38049316
71.63649750 622.29205322 104.31335449
71.51246643 624.84906006 104.01916504
71.42316437 626.52667236 103.83422852
71.24951935 629.56176758 103.51159668
71.18998718 630.48571777 103.42004395
70.99319458 633.19921875 103.17333984
70.88404083 634.60125732 103.05334473
70.71701050 636.56109619 102.90014648
70.68298340 636.83892822 102.88879395
70.38990784 638.63665771 102.88867188
70.17272186 639.89978027 102.89990234
69.74182892 642.31231689 102.93737793
69.58968353 643.11712646 102.95837402
69.07389832 645.71240234 103.05114746
68.78393555 647.13201904 103.10974121
68.33319092 649.26898193 103.21228027
68.23680115 649.68096924 103.24157715
67.76290894 651.49639893 103.42004395
67.45310974 652.64038086 103.54370117
66.89433289 654.63842773 103.77746582
66.72517395 655.20703125 103.85424805
66.23144531 656.74676514 104.09765625
65.97740173 657.49798584 104.22973633
65.62430573 658.46228027 104.42620850
65.57569885 658.53765869 104.46264648
65.15434265 659.42315674 104.96380615
64.84176636 660.10687256 105.35687256
64.22122192 661.50030518 106.16613770
64.00190735 662.01098633 106.46667480
63.25779724 663.79522705 107.52734375
62.83930969 664.81384277 108.13592529
62.18846130 666.42504883 109.10388184
62.04907227 666.78741455 109.32495117
61.36285400 668.65264893 110.47821045
60.91404724 669.88903809 111.24560547
60.10424805 672.14501953 112.65014648
59.85893250 672.84234619 113.08679199
59.14239502 674.92529297 114.39880371
58.77349854 676.01336670 115.08679199
58.26046753 677.55731201 116.06799316
58.18957520 677.79260254 116.22106934
57.74406433 679.43115234 117.31036377
57.43305969 680.60021973 118.09088135
56.84191895 682.85876465 119.60351563
56.64622498 683.62554932 120.11944580
56.01971436 686.13818359 121.81726074
55.67840576 687.52502441 122.75659180
55.16720581 689.63525391 124.18988037
55.07034302 690.05718994 124.47912598
54.65237427 691.99444580 125.81976318
54.39099121 693.23303223 126.67968750
53.93766785 695.42431641 128.20556641
53.81048584 696.06402588 128.65350342
53.47247314 697.85302734 129.91479492
53.30992126 698.74670410 130.54791260
53.10609436 699.93682861 131.39715576
53.09393311 700.06317139 131.49194336
53.02667236 701.20599365 132.35693359
52.98117065 702.05920410 133.00354004
52.89674377 703.76037598 134.29406738
52.86988831 704.36535645 134.75354004
52.78721619 706.42834473 136.32214355
52.74320984 707.59167480 137.20715332
52.67918396 709.40637207 138.58862305
52.66831970 709.79858398 138.88769531
52.62809753 711.74578857 140.37530518
52.60447693 713.02270508 141.35131836
52.56600952 715.33166504 143.11694336
52.55664063 716.03399658 143.65441895
52.53680420 718.09478760 145.23297119
52.52917480 719.15887451 146.04858398
52.52359009 720.64508057 147.18865967
52.52642822 720.85485840 147.35021973
52.57034302 722.20605469 148.39575195
52.60517883 723.15435791 149.13024902
52.67730713 724.96435547 150.53320313
52.70433044 725.56738281 151.00122070
52.80026245 727.50982666 152.51037598
52.85546875 728.57171631 153.33581543
52.94360352 730.16894531 154.57836914
52.96391296 730.47607422 154.81787109
53.07069397 731.82495117 155.87329102
53.14189148 732.67407227 156.53839111
53.27246094 734.15551758 157.69995117
53.31317139 734.57617188 158.03051758
53.43592834 735.71234131 158.92553711
53.50044250 736.26550293 159.36212158
53.59271240 736.97326660 159.92254639
53.60728455 737.02673340 159.96630859
53.79409790 737.60839844 160.38488770
53.93963623 738.05346680 160.70001221
54.23797607 738.95556641 161.33166504
54.34814453 739.28363037 161.55798340
54.73533630 740.42291260 162.33459473
54.95703125 741.07135010 162.77392578
55.30883789 742.09362793 163.46179199
55.38868713 742.32135010 163.61206055
55.80287170 743.48376465 164.36547852
56.07804871 744.25244141 164.86108398
56.58106995 745.65203857 165.75952148
56.73706055 746.08312988 166.03405762
57.20472717 747.36572266 166.84375000
57.44958496 748.03405762 167.26324463
57.79808044 748.97912598 167.85192871
57.85194397 749.12084961 167.93688965
58.23196411 750.09289551 168.49853516
58.50381470 750.78436279 168.89489746
59.02999878 752.11712646 169.65441895
59.20916748 752.56805420 169.90905762
59.79772949 754.04101563 170.73419189
60.12304688 754.85266113 171.18676758
60.61891174 756.08508301 171.87023926
60.71861267 756.32983398 172.00354004
61.17910767 757.44525146 172.59826660
61.47412109 758.15655518 172.97473145
61.99699402 759.41210938 173.63500977
62.15016174 759.77709961 173.82452393
62.58033752 760.79211426 174.34313965
62.79588318 761.29724121 174.59814453
63.08422852 761.96594238 174.92980957
63.11581421 762.03399658 174.95898438
63.19406128 762.69213867 175.20129395
63.22953796 763.18829346 175.37988281
63.26954651 764.18383789 175.73266602
63.26837158 764.54107666 175.85656738
63.22099304 765.76818848 176.27447510
63.18157959 766.46276855 176.50885010
63.09756470 767.55090332 176.87219238
63.06495667 767.78906250 176.94915771
62.83622742 768.98522949 177.32470703
62.67279053 769.77246094 177.56958008
62.35668945 771.20019531 178.01019287
62.24919128 771.63677979 178.14306641
61.89643860 772.92559814 178.52905273
61.70156860 773.59375000 178.72698975
61.40476990 774.53198242 179.00097656
61.34524536 774.66802979 179.03784180
60.83685303 775.57019043 179.26232910
60.46061707 776.20745850 179.41784668
59.71492004 777.42944336 179.71191406
59.45198059 777.83953857 179.80834961
58.56156921 779.16955566 180.11462402
58.06130981 779.89941406 180.28063965
57.28417969 781.00219727 180.52783203
57.11833191 781.21771240 180.57360840
56.30455017 782.18164063 180.76605225
55.77287292 782.79241943 180.88525391
54.81439209 783.86437988 181.08996582
54.52450562 784.17248535 181.14630127
53.67930603 785.01739502 181.29199219
53.24472046 785.43347168 181.36047363
52.64131165 785.97570801 181.44323730
52.55870056 786.02429199 181.44567871
51.84500122 786.48242188 181.46014404
51.31588745 786.82647705 181.47009277
50.26583862 787.51531982 181.48901367
49.89492798 787.76159668 181.49511719
48.63708496 788.60552979 181.51452637
47.92982483 789.08251953 181.52502441
46.83016968 789.82873535 181.54052734
46.59487915 789.99121094 181.54333496
45.43733215 790.80426025 181.55493164
44.68046570 791.33862305 181.56213379
43.31510925 792.30670166 181.57440186
42.90165710 792.60217285 181.57763672
41.69451904 793.47253418 181.58605957
41.07325745 793.92309570 181.58996582
40.20953369 794.55456543 181.59448242
40.09045410 794.64532471 181.59448242
39.30177307 795.30383301 181.58471680
38.74482727 795.77752686 181.57635498
37.67703247 796.69805908 181.55822754
37.31872559 797.01342773 181.55102539
36.15704346 798.05480957 181.52453613
35.51960754 798.63214111 181.50903320
34.55654907 799.51519775 181.48376465
34.36848450 799.69470215 181.47766113
33.44958496 800.65112305 181.43420410
32.85000610 801.29125977 181.40307617
31.77032471 802.46887207 181.34301758
31.44445801 802.83807373 181.32257080
30.35159302 804.17498779 181.23718262
29.74073792 804.95172119 181.18444824
28.52822876 806.60766602 181.06048584
27.59999084 808.00000000 180.94458008
