112.00000000 0.00000000 0.00000000
112.34808350 2.90075684 4.06097412
112.70953369 6.55712891 8.69464111
112.85870361 8.35241699 10.79199219
113.09538269 11.52130127 14.32714844
113.14909363 12.44219971 15.25988770
113.30093384 15.45629883 18.16235352
113.37736511 17.11889648 19.71740723
113.48033142 19.64672852 21.99859619
113.49214172 20.15087891 22.39880371
113.53175354 22.70306396 24.29803467
113.55389404 24.38647461 25.52575684
113.58808899 27.44570923 27.71893311
113.59526062 28.38452148 28.37103271
113.60565186 31.16656494 30.23559570
113.60739136 32.61236572 31.18164063
113.60281372 34.64978027 32.47058105
113.59714508 34.95031738 32.62933350
113.54080200 37.10852051 33.67138672
113.49816895 38.65789795 34.40582275
113.41241455 41.66430664 35.81188965
113.38154602 42.69183350 36.28265381
113.27522278 46.07894897 37.80578613
113.21495056 47.95465088 38.64056396
113.12037659 50.81994629 39.90002441
113.09959412 51.40017700 40.14477539
112.99472809 54.10083008 41.23315430
112.92563629 55.83544922 41.92126465
112.80020142 58.91680908 43.12670898
112.76176453 59.82336426 43.47180176
112.64808655 62.38287354 44.41351318
112.58908081 63.67016602 44.87567139
112.50605774 65.40167236 45.47436523
112.49391174 65.59844971 45.52539063
112.43190002 67.46124268 46.09783936
112.39089966 68.86114502 46.53747559
112.31623077 71.66448975 47.43041992
112.29322815 72.66748047 47.75622559
112.22480774 76.10525513 48.89038086
112.18916321 78.04888916 49.53668213
112.13876343 81.08984375 50.55700684
112.13119507 81.75277710 50.78521729
112.10908508 85.07092285 51.95410156
112.09770203 87.25213623 52.72784424
112.08183289 91.20465088 54.13787842
112.07963562 92.41134644 54.57275391
112.08177185 95.96707153 55.86901855
112.08581543 97.80813599 56.54510498
112.09715271 100.38934326 57.50256348
112.10281372 100.76074219 57.64721680
112.16816711 103.20239258 58.64514160
112.21852112 104.92388916 59.35595703
112.32098389 108.22045898 60.72741699
112.35847473 109.32458496 61.19213867
112.48925018 112.89834595 62.71228027
112.56385803 114.85739136 63.55041504
112.68176270 117.81381226 64.82434082
112.70822144 118.38885498 65.07806396
112.84413147 120.94848633 66.23809814
112.93416595 122.56738281 66.97875977
113.09837341 125.40417480 68.28735352
113.14909363 126.21679688 68.66833496
113.30044556 128.43630981 69.73083496
113.37945557 129.52612305 70.26049805
113.49148560 130.93930054 70.96350098
113.50849915 131.06079102 71.03637695
113.67304993 132.17987061 71.69201660
113.79708862 133.01757813 72.18115234
114.04597473 134.69085693 73.15588379
114.13526917 135.28735352 73.50219727
114.44203186 137.32586670 74.68249512
114.61567688 138.47656250 75.34783936
114.88772583 140.27386475 76.38537598
114.94726563 140.66369629 76.60937500
115.24631500 142.60571289 77.72027588
115.44309998 143.88046265 78.44848633
115.80003357 146.18768311 79.76489258
115.90918732 146.89053345 80.16510010
116.23139191 148.95654297 81.33874512
116.39842224 150.02459717 81.94458008
116.63298035 151.51870728 82.79028320
116.66699982 151.73132324 82.90942383
116.89255524 153.11291504 83.67407227
117.05186462 154.08447266 84.21044922
117.35735321 155.94152832 85.23364258
117.45988464 156.56167603 85.57434082
117.79237366 158.56341553 86.67083740
117.97483826 159.65902710 87.27001953
118.25054932 161.30932617 88.17089844
118.30441284 161.62826538 88.34375000
118.54541016 163.03738403 89.10186768
118.69810486 163.92626953 89.57867432
118.96610260 165.48010254 90.41003418
119.04312134 165.92306519 90.64587402
119.25434875 167.12548828 91.28149414
119.35836792 167.71316528 91.59063721
119.49391174 168.46966553 91.98529053
119.50605774 168.53042603 92.01440430
119.64160156 169.16610718 92.34606934
119.74563599 169.65020752 92.60107422
119.95684814 170.62829590 93.11968994
120.03385925 170.98251343 93.30920410
120.30185699 172.20843506 93.96948242
120.45455933 172.90505981 94.34600830
120.69554901 174.00109863 94.94067383
120.74941254 174.24395752 95.07391357
121.02513123 175.47763062 95.75732422
121.20759583 176.29217529 96.20996094
121.54009247 177.77374268 97.03515625
121.64262390 178.22909546 97.28979492
121.94810486 179.58074951 98.04931641
122.10742188 180.28393555 98.44567871
122.33297729 181.27636719 99.00732422
122.36700439 181.42376709 99.09240723
122.60156250 182.42520142 99.68103027
122.76858521 183.13610840 100.10046387
123.09078979 184.50445557 100.91015625
123.19993591 184.96640015 101.18469238
123.55686951 186.47238159 102.08312988
123.75366211 187.30126953 102.57873535
124.05271912 188.55828857 103.33227539
124.11225891 188.80682373 103.48254395
124.38429260 189.93389893 104.17041016
124.55793762 190.65145874 104.60974121
124.86471558 191.91619873 105.38635254
124.95401001 192.28268433 105.61267090
125.20289612 193.29843140 106.24426270
125.32693481 193.80255127 106.55932617
125.49148560 194.46728516 106.97802734
125.50848389 194.53289795 107.02172852
125.67828369 195.22909546 107.42462158
125.80682373 195.76022339 107.72619629
126.06546021 196.83447266 108.32861328
126.15861511 197.22415161 108.54333496
126.47964478 198.57440186 109.27722168
126.66165161 199.34210205 109.69146729
126.94729614 200.55084229 110.33850098
127.01014709 200.81921387 110.47888184
127.32731628 202.18493652 111.17797852
127.53633118 203.08712769 111.63690186
127.91589355 204.72882080 112.46752930
128.03219604 205.23376465 112.72052002
128.37638855 206.73397827 113.46429443
128.55508423 207.51489258 113.84875488
128.80656433 208.61782837 114.38665771
128.84341431 208.78225708 114.46319580
129.09039307 209.90319824 114.96057129
129.26522827 210.69958496 115.31030273
129.60104370 212.23321533 115.97882080
129.71405029 212.75140381 116.20202637
130.08139038 214.44195557 116.92272949
130.28323364 215.37286377 117.31713867
130.58874512 216.78521729 117.91125488
130.64874268 217.06494141 118.02612305
130.91885376 218.33581543 118.53332520
131.09039307 219.14541626 118.85333252
131.39202881 220.57321167 119.41271973
131.47904968 220.98742676 119.57214355
131.71887207 222.13702393 120.00500488
131.83740234 222.70816040 120.21655273
131.99270630 223.46237183 120.48883057
132.00727844 223.53768921 120.51074219
132.16781616 224.43899536 120.67797852
132.29086304 225.13616943 120.79949951
132.54042053 226.55889893 121.03735352
132.63128662 227.08117676 121.11962891
132.94718933 228.90814209 121.39392090
133.12707520 229.95184326 121.54675293
133.41081238 231.60388184 121.78173828
133.47413635 231.97619629 121.83038330
133.79774475 233.89578247 122.06219482
134.01181030 235.16882324 122.21228027
134.40176392 237.49264526 122.48059082
134.52192688 238.21148682 122.56042480
134.87973022 240.36038208 122.78942871
135.06625366 241.48345947 122.90588379
135.33013916 243.07815552 123.06488037
135.36984253 243.32196045 123.08471680
135.64273071 245.02471924 123.19409180
135.83694458 246.24038696 123.26806641
136.21145630 248.58993530 123.40515137
136.33824158 249.38815308 123.44873047
136.75262451 252.00524902 123.58258057
136.98103333 253.45025635 123.65380859
137.32797241 255.64984131 123.75726318
137.39697266 256.09020996 123.77471924
137.71176147 258.11489868 123.83898926
137.91259766 259.40997314 123.87652588
138.26727295 261.70217896 123.93762207
138.37042236 262.37185669 123.95239258
138.65765381 264.24661255 123.98297119
138.80068970 265.18383789 123.99450684
138.99024963 266.43319702 124.00219727
139.00970459 266.56686401 123.99731445
139.08370972 267.97903442 124.10485840
139.12770081 269.05581665 124.20196533
139.20034790 271.23294067 124.41796875
139.21861267 272.02224731 124.50598145
139.25964355 274.75640869 124.83789063
139.27655029 276.31063843 125.03430176
139.29185486 278.75732422 125.35717773
139.28807068 279.30023193 125.43750000
139.23651123 282.06140137 125.88513184
139.19607544 283.88519287 126.18847656
139.11289978 287.20339966 126.75207520
139.08203125 288.22375488 126.93188477
138.97312927 291.25451660 127.48645020
138.91065979 292.83190918 127.78210449
138.81130981 295.05920410 128.21307373
138.78863525 295.39089966 128.28674316
138.58123779 297.64968872 128.85272217
138.42614746 299.25408936 129.26416016
138.11660767 302.34335327 130.06958008
138.00634766 303.38687134 130.34851074
137.62991333 306.79058838 131.27868652
137.41751099 308.66458130 131.79705811
137.08590698 311.50741577 132.59472656
137.01408386 312.07015991 132.76007080
136.65675354 314.62551880 133.54870605
136.42228699 316.25311279 134.05938721
135.99806213 319.12295532 134.97277832
135.86891174 319.95526123 135.24511719
135.48953247 322.26422119 136.02600098
135.29350281 323.41101074 136.42309570
135.01943970 324.92471313 136.96582031
134.98056030 325.07537842 137.03381348
134.53842163 326.61007690 137.70776367
134.19831848 327.77487183 138.21740723
133.50680542 330.12283325 139.24224854
133.25418091 330.97058105 139.61108398
132.37376404 333.89746094 140.88092041
131.87174988 335.55847168 141.60052490
131.07881165 338.16827393 142.72949219
130.90115356 338.74426270 142.97753906
129.98986816 341.65954590 144.22808838
129.38644409 343.58239746 145.05194092
128.28627014 347.07659912 146.54760742
127.94670105 348.14880371 147.00567627
126.93399048 351.32592773 148.36041260
126.40553284 352.97702026 149.06359863
125.65669250 355.30349731 150.05249023
125.54328918 355.64654541 150.19708252
124.75842285 357.95950317 151.16357422
124.19909668 359.59899902 151.84741211
123.11950684 362.75109863 153.16033936
122.75347900 363.81335449 153.60192871
121.55554962 367.27087402 155.03643799
120.89477539 369.17224121 155.82446289
119.89015198 372.05252075 157.01672363
119.68981171 372.61999512 157.25061035
118.77265167 375.18322754 158.30200195
118.18685913 376.81280518 158.96929932
117.15136719 379.68154907 160.14221191
116.84959412 380.51086426 160.48028564
116.00740814 382.80233765 161.41088867
115.58730316 383.93713379 161.87048340
115.02914429 385.42834473 162.47192383
114.97082520 385.57171631 162.52783203
114.45468140 386.87908936 163.05041504
114.07058716 387.85632324 163.44250488
113.30642700 389.80639648 164.22686768
113.03552246 390.50064087 164.50708008
112.11408997 392.87042236 165.46612549
111.59518433 394.20736694 166.00805664
110.78692627 396.29415894 166.85522461
110.61305237 396.74588013 167.03948975
109.75334167 398.99215698 167.95996094
109.19033051 400.46582031 168.56469727
108.17333984 403.13180542 169.65997314
107.86463165 403.94323730 169.99401855
106.96083069 406.32623291 170.97741699
106.49484253 407.55737305 171.48620605
105.84534454 409.27813721 172.19885254
105.75462341 409.52191162 172.30090332
105.17716217 411.09863281 172.96850586
104.77291107 412.20626831 173.43872070
104.00286865 414.32171631 174.33843994
103.74709320 415.02731323 174.63940430
102.92560577 417.30224609 175.61242676
102.47724915 418.54663086 176.14550781
101.80424500 420.41952515 176.94934082
101.67572021 420.78051758 177.10534668
101.11589813 422.37045288 177.79724121
100.76457214 423.37225342 178.23431396
100.15330505 425.12167358 178.99951172
99.98067474 425.61938477 179.21838379
99.51786804 426.96673584 179.81433105
99.29380798 427.62393188 180.10644531
99.00970459 428.46722412 180.48400879
98.99026489 428.53280640 180.51562500
98.70092010 429.29205322 180.91418457
98.47235107 429.87722778 181.22436523
97.99978638 431.06854248 181.85931396
97.82331085 431.50448608 182.09350586
97.19778442 433.02581787 182.91577148
96.83808899 433.89385986 183.38635254
96.26464844 435.26599121 184.13269043
96.13282776 435.57403564 184.30187988
95.44169617 437.15710449 185.17822266
94.98112488 438.20596313 185.76013184
94.13702393 440.11904907 186.82360840
93.87406921 440.70999146 187.15319824
93.08206177 442.47387695 188.14086914
92.66614532 443.39483643 188.65777588
92.07176208 444.70080566 189.39312744
91.97821045 444.89923096 189.50646973
91.30729675 446.27725220 190.30487061
90.82577515 447.25994873 190.87579346
89.89163208 449.15759277 191.98046875
89.57246399 449.80145264 192.35650635
88.52063751 451.91003418 193.59106445
87.93824005 453.07354736 194.27331543
87.04875183 454.84329224 195.31298828
86.86872864 455.19671631 195.52185059
86.03133392 456.81726074 196.48559570
85.49359131 457.85290527 197.10278320
84.53850555 459.68438721 198.19641113
84.25760651 460.21862793 198.51660156
83.46485901 461.71130371 199.41528320
83.06626129 462.45648193 199.86535645
82.53036499 463.44775391 200.46704102
82.46961975 463.55224609 200.53271484
81.84968567 464.63281250 201.17639160
81.37905884 465.45452881 201.66247559
80.43025208 467.11303711 202.63916016
80.08761597 467.71286011 202.99023438
78.90442657 469.78671265 204.19787598
78.23291016 470.96444702 204.88201904
77.17771149 472.81643677 205.95471191
76.94477081 473.22607422 206.19006348
75.76544952 475.30380249 207.37463379
74.98754120 476.67501831 208.15454102
73.57384491 479.16809082 209.57006836
73.14000702 479.93377686 210.00341797
71.85429382 482.20498657 211.28381348
71.18608856 483.38604736 211.94812012
70.24444580 485.05169678 212.88183594
70.10552979 485.29833984 213.01794434
69.16838837 486.96847534 213.92462158
68.50404358 488.15338135 214.56567383
67.22669220 490.43295288 215.79602051
66.79616547 491.20193481 216.20947266
65.39468384 493.70721436 217.55163574
64.62393951 495.08563232 218.28869629
63.45628357 497.17501831 219.40319824
63.22618103 497.58749390 219.62145996
62.18650818 499.45498657 220.60095215
61.52546692 500.64321899 221.22229004
60.36167145 502.73645020 222.31365967
60.02517700 503.34243774 222.62792969
59.09519958 505.01974487 223.49163818
58.63458252 505.85147095 223.91778564
58.02915192 506.94653320 224.47442627
57.97083282 507.05346680 224.52539063
57.41267014 508.13278198 225.05578613
56.99256134 508.95098877 225.45941162
56.15037537 510.59906006 226.27435303
55.84860611 511.19345093 226.56927490
54.81311417 513.24389648 227.58935547
54.22732162 514.40704346 228.16882324
53.31016541 516.23370361 229.08020020
53.10982513 516.63629150 229.28198242
52.10520172 518.67132568 230.30590820
51.44443512 520.01306152 230.98181152
50.24650574 522.45050049 232.21093750
49.88047409 523.19799805 232.58850098
48.80088043 525.41162109 233.70898438
48.24154663 526.56152344 234.29174805
47.45669174 528.18090820 235.11376953
47.34329224 528.41906738 235.23571777
46.59445190 530.02044678 236.06225586
46.06598663 531.15490723 236.64892578
45.05327988 533.33514404 237.77770996
44.71370697 534.06939697 238.15869141
43.61353302 536.45794678 239.40002441
43.01009750 537.77099609 240.08312988
42.09881973 539.75939941 241.11877441
41.92116165 540.15063477 241.32342529
41.12821960 541.91516113 242.25036621
40.62621307 543.03637695 242.84027100
39.74580383 545.00933838 243.87976074
39.49317932 545.57916260 244.18090820
38.80166626 547.15185547 245.01464844
38.46157074 547.93011475 245.42822266
38.01943207 548.95141602 245.97314453
37.98055267 549.04858398 246.02661133
37.56467819 550.03314209 246.54003906
37.24709320 550.77984619 246.92663574
36.60434723 552.28430176 247.70190430
36.37101364 552.82708740 247.97985840
35.56188583 554.70025635 248.93383789
35.10168457 555.76293945 249.47357178
34.37680435 557.43218994 250.31884766
34.21568298 557.80029297 250.50354004
33.39498138 559.66186523 251.43054199
32.85264206 560.88940430 252.04028320
31.86555099 563.11962891 253.14587402
31.56181335 563.80371094 253.48376465
30.65897369 565.83013916 254.48071289
30.18884659 566.88293457 254.99731445
29.52460480 568.36584473 255.72241211
29.42538071 568.58410645 255.82727051
28.74763298 570.05358887 256.52087402
28.26593208 571.09478760 257.01049805
27.33800888 573.09606934 257.94897461
27.02434921 573.77026367 258.26373291
26.00060272 575.96386719 259.28381348
25.43676758 577.16992188 259.84338379
24.58105850 578.99645996 260.68872070
24.41143227 579.35601807 260.85363770
23.63997269 580.97869873 261.59020996
23.14834976 582.01000977 262.05664063
22.28106689 583.82495117 262.87487793
22.02930450 584.34936523 263.10974121
21.33005905 585.79730225 263.75317383
20.98246765 586.51397705 264.06970215
20.52308273 587.45501709 264.48162842
20.47691345 587.54492188 264.51806641
20.07530212 588.43872070 264.96148682
19.77723312 589.11486816 265.30505371
19.18527985 590.47503662 266.00695801
18.97596359 590.96472168 266.26501465
18.26549339 592.65136719 267.16882324
17.86583710 593.60742188 267.68548584
17.24411964 595.10760498 268.50378418
17.11087418 595.43737793 268.68847656
16.45442581 597.10089111 269.64245605
16.02500343 598.19696045 270.27539063
15.25003815 600.18701172 271.43127441
15.01520538 600.79669189 271.78900146
14.32899284 602.60021973 272.85925293
13.97564125 603.53643799 273.41882324
13.48401833 604.85357666 274.21398926
13.41597748 605.04638672 274.33581543
12.98738003 606.33654785 275.18945313
12.68805122 607.24957275 275.79919434
12.11888695 609.00292969 276.97814941
11.93035889 609.59277344 277.37890625
11.32646465 611.50952148 278.69360352
10.99736977 612.56256104 279.41967773
10.50427628 614.15606689 280.52532959
10.41071987 614.46887207 280.74694824
10.00637817 615.87585449 281.76708984
9.75335503 616.76910400 282.41979980
9.31428337 618.33947754 283.57562256
9.19096184 618.79223633 283.91357422
8.86269188 620.03942871 284.86035156
8.70464134 620.65557861 285.33392334
8.50607300 621.46228027 285.96582031
8.49392319 621.53765869 286.03381348
8.40565109 622.37066650 286.57647705
8.34213924 623.00933838 286.97357178
8.21870613 624.30523682 287.75451660
8.17641640 624.77734375 288.02685547
8.03672123 626.41894531 288.94030762
7.95927048 627.35400391 289.45092773
7.84079742 628.82904053 290.23962402
7.81669998 629.15838623 290.40502930
7.70401478 630.84246826 291.20269775
7.63152599 631.95666504 291.72106934
7.50257969 633.98645020 292.65118408
7.46454334 634.61212158 292.93011475
7.35682011 636.47534180 293.73553467
7.30252171 637.44677734 294.14697266
7.22925091 638.82153320 294.71295166
7.22074604 639.02844238 294.78668213
7.17898941 640.45275879 295.21759033
7.15170288 641.46655273 295.51318359
7.10250378 643.42175293 296.06774902
7.08761978 644.08380127 296.24749756
7.04420853 646.24804688 296.81109619
7.02188301 647.44104004 297.11444092
6.99087524 649.25347900 297.56213379
6.98662281 649.61401367 297.64245605
6.97683811 651.25988770 297.96533203
6.97270393 652.31005859 298.16174316
6.96870708 654.16491699 298.49365234
6.96941566 654.70465088 298.58166504
6.97782326 656.20776367 298.79760742
6.98431969 656.95642090 298.89465332
6.99756908 657.94897461 299.00219727
7.00242901 658.05102539 298.99731445
6.99992180 659.15386963 298.88427734
6.99291325 659.99707031 298.79229736
6.97205734 661.70501709 298.59863281
6.96119022 662.32574463 298.52453613
6.91442585 664.47998047 298.25769043
6.88520908 665.70574951 298.10302734
6.83458614 667.63751221 297.85412598
6.82041168 668.06750488 297.79553223
6.73505974 670.26031494 297.48236084
6.67607594 671.70989990 297.27252197
6.56481552 674.34912109 296.88623047
6.52843189 675.16162109 296.76489258
6.41331291 677.57824707 296.39660645
6.35102177 678.83715820 296.20227051
6.25850296 680.61676025 295.92248535
6.24149323 680.88323975 295.87713623
6.06193829 682.98095703 295.46984863
5.92504501 684.51251221 295.16613770
5.64828682 687.51995850 294.56091309
5.54795837 688.56628418 294.34594727
5.20045662 692.06890869 293.61346436
5.00292587 694.02490234 293.20056152
4.69199085 697.04235840 292.55676270
4.62300587 697.67260742 292.41784668
4.19416428 701.20880127 291.59252930
3.89557076 703.60949707 291.02398682
3.32910013 708.07562256 289.95422363
3.14214802 709.50305176 289.60583496
2.40044117 714.86059570 288.25427246
1.95164490 718.02539063 287.44409180
0.92823195 724.96643066 285.62426758
0.00000000 731.00000000 284.00000000
