221.14553833 548.16021729 0.00000000
219.17730713 547.33776855 7.88995361
216.88571167 546.32128906 17.11944580
215.82989502 545.82971191 21.38891602
214.03143311 544.96887207 28.67858887
213.54571533 544.72271729 30.65740967
212.01467896 543.92321777 36.91223145
211.18804932 543.48419189 40.29473877
209.96371460 542.82006836 45.31475830
209.74087524 542.68994141 46.23516846
208.66238403 542.03637695 50.70770264
207.96075439 541.60632324 53.62084961
206.70053101 540.82635498 58.85888672
206.32196045 540.58789063 60.43548584
205.22662354 539.88403320 65.00726318
204.66632080 539.51922607 67.34936523
203.89404297 539.00701904 70.58447266
203.79235840 538.93273926 71.01544189
203.10043335 538.40368652 73.96545410
202.60903931 538.02441406 76.06317139
201.66296387 537.28930664 80.10546875
201.34344482 537.03851318 81.47253418
200.30136108 536.21282959 85.93670654
199.72769165 535.75598145 88.39599609
198.85748291 535.05877686 92.12951660
198.68527222 534.91796875 92.87036133
197.90359497 534.26495361 96.24377441
197.40579224 533.84600830 98.39440918
196.52810669 533.10241699 102.18969727
196.27362061 532.88403320 103.29217529
195.56781006 532.26892090 106.35687256
195.21734619 531.96002197 107.88128662
194.75485229 531.54547119 109.89788818
194.70892334 531.49908447 110.10198975
194.27297974 531.03216553 111.97149658
193.94522095 530.67834473 113.36981201
193.28869629 529.96594238 116.16137695
193.05371094 529.70904541 117.15588379
192.24804688 528.82330322 120.55200195
191.79248047 528.32098389 122.46850586
191.07958984 527.53216553 125.46081543
190.92407227 527.35839844 126.10906982
190.14541626 526.48052979 129.33544922
189.63345337 525.90179443 131.45257568
188.70562744 524.85058594 135.28344727
188.42233276 524.52825928 136.44995117
187.58724976 523.57397461 139.87689209
187.15478516 523.07836914 141.64782715
186.54837036 522.38055420 144.12408447
186.46099854 522.27801514 144.47564697
185.88604736 521.58935547 146.75384521
185.48056030 521.10156250 148.35504150
184.70394897 520.16430664 151.41418457
184.44372559 519.84875488 152.43511963
183.60131836 518.82244873 155.72839355
183.13946533 518.25830078 157.53021240
182.44235229 517.40417480 160.24316406
182.30667114 517.23620605 160.76672363
181.70227051 516.47900391 163.07580566
181.31991577 515.99798584 164.53143311
180.64974976 515.15173340 167.07458496
180.45767212 514.90734863 167.79876709
179.93280029 514.23327637 169.76165771
179.67495728 513.89984131 170.71997070
179.34039307 513.46246338 171.95135498
179.31143188 513.42102051 172.04858398
179.00326538 512.95751953 173.03833008
178.76803589 512.60168457 173.78955078
178.29217529 511.87908936 175.30371094
178.11950684 511.61553955 175.85046387
177.52099609 510.69836426 177.73779297
177.18066406 510.17575073 178.80883789
176.64468384 509.35086060 180.49169922
176.52563477 509.16644287 180.86315918
175.91955566 508.22219849 182.74279785
175.51913452 507.59729004 183.98254395
174.79040527 506.45846558 186.23541260
174.56619263 506.10723877 186.92663574
173.89999390 505.06072998 188.97497559
173.55316162 504.51489258 190.03948975
173.06323242 503.74206543 191.53930664
172.99014282 503.62545776 191.76049805
172.49136353 502.82107544 193.25134277
172.13696289 502.24822998 194.30810547
171.45434570 501.14306641 196.33972168
171.22369385 500.76867676 197.02435303
170.47094727 499.54418945 199.25274658
170.05645752 498.86904907 200.47821045
169.42745972 497.84301758 202.33453369
169.30282593 497.63870239 202.70025635
168.73635864 496.70498657 204.35211182
168.37545776 496.10894775 205.40222168
167.73889160 495.05584717 207.25085449
167.55416870 494.74926758 207.78521729
167.04132080 493.89462280 209.26171875
166.78646851 493.46868896 209.99291992
166.44979858 492.90350342 210.95373535
166.41610718 492.84503174 211.04602051
166.11129761 492.21697998 211.92803955
165.88372803 491.73715210 212.59173584
165.43002319 490.76577759 213.92199707
165.26870728 490.41302490 214.39849854
164.71853638 489.18930054 216.03326416
164.40832520 488.49319458 216.95800781
163.92440796 487.39654541 218.40563965
163.81982422 487.15264893 218.72174072
163.30065918 485.90982056 220.30633545
162.96023560 485.08840942 221.34844971
162.34460449 483.59323120 223.23767090
162.15737915 483.13305664 223.81481934
161.60800171 481.76495361 225.51690674
161.32431030 481.05242920 226.39862061
160.92813110 480.04553223 227.63568115
160.87222290 479.89498901 227.81427002
160.51214600 478.86575317 228.99279785
160.25942993 478.13412476 229.82434082
159.77716064 476.72454834 231.41766357
159.61645508 476.24795532 231.95178223
159.09890747 474.69219971 233.68212891
158.81600952 473.83526611 234.63110352
158.39047241 472.53457642 236.06402588
158.30865479 472.27664185 236.34326172
157.94934082 471.10299683 237.58905029
157.72317505 470.35494995 238.37762451
157.32861328 469.03512573 239.76037598
157.21658325 468.65188599 240.15710449
156.91403198 467.58712769 241.24243164
156.76675415 467.05773926 241.77606201
156.57833862 466.35778809 242.46954346
156.56411743 466.28723145 242.53027344
156.35983276 465.61346436 243.13452148
156.19891357 465.10650635 243.59167480
155.86685181 464.09036255 244.51123047
155.74316406 463.72634888 244.84228516
155.30545044 462.47760010 245.98266602
155.05398560 461.77120972 246.62908936
154.65350342 460.66543579 247.64343262
154.56167603 460.42395020 247.86645508
154.08132935 459.21356201 248.99145508
153.76141357 458.41754150 249.73266602
153.17544556 456.97451782 251.07849121
152.99307251 456.53366089 251.49084473
152.44427490 455.23358154 252.71057129
152.15628052 454.56008911 253.34375000
151.74499512 453.61520386 254.23461914
151.68051147 453.47879028 254.36505127
151.21951294 452.57867432 255.23791504
150.88882446 451.94354248 255.85571289
150.24765015 450.72662354 257.04211426
150.02874756 450.31863403 257.44122314
149.30770874 448.99710083 258.73815918
148.90859985 448.27233887 259.45074463
148.29931641 447.17794800 260.52905273
148.17614746 446.96466064 260.74072266
147.60403442 446.01324463 261.69299316
147.23681641 445.41101074 262.29748535
146.58486938 444.35498047 263.36035156
146.39328003 444.05206299 263.66687012
145.85305786 443.22317505 264.51110840
145.58163452 442.81564331 264.92822266
145.21704102 442.28607178 265.47436523
145.17596436 442.23968506 265.52539063
144.79583740 441.66802979 266.05578613
144.51107788 441.22439575 266.45941162
143.94198608 440.31735229 267.27435303
143.73898315 439.98348999 267.56921387
143.04486084 438.81317139 268.58935547
142.65292358 438.14392090 269.16882324
142.04055786 437.08340454 270.08020020
141.90759277 436.84362793 270.28198242
141.24472046 435.60403442 271.30596924
140.80947876 434.78131104 271.98193359
140.02154541 433.27847290 273.21105957
139.78140259 432.81307983 273.58862305
139.07522583 431.42001343 274.70898438
138.71005249 430.69134521 275.29174805
138.19897461 429.65560913 276.11389160
138.12609863 429.49645996 276.23577881
137.65145874 428.37988281 277.06237793
137.31750488 427.58193970 277.64904785
136.67898560 426.03872681 278.77783203
136.46563721 425.51391602 279.15869141
135.77661133 423.79165649 280.40002441
135.39935303 422.84024048 281.08312988
134.83090210 421.39111328 282.11877441
134.72091675 421.10043335 282.32336426
134.23422241 419.76104736 283.25036621
133.92703247 418.90371704 283.84033203
133.38983154 417.38528442 284.87976074
133.23651123 416.94113159 285.18078613
132.81988525 415.69583130 286.01458740
132.61608887 415.07263184 286.42822266
132.35336304 414.24050903 286.97314453
132.33193970 414.15048218 287.02661133
132.11651611 413.30810547 287.52947998
131.95327759 412.67608643 287.90704346
131.62451172 411.41174316 288.66278076
131.50598145 410.96005249 288.93298340
131.09722900 409.41378784 289.85839844
130.86538696 408.54010010 290.38140869
130.50134277 407.17416382 291.19946289
130.42114258 406.87701416 291.37756348
130.01589966 405.39251709 292.26831055
129.74877930 404.41723633 292.85363770
129.26351929 402.65078735 293.91406250
129.11474609 402.11199951 294.23767090
128.67419434 400.52587891 295.19067383
128.44537354 399.70513916 295.68395996
128.12319946 398.55548096 296.37524414
128.07586670 398.39080811 296.47448730
127.75782013 397.31323242 297.12524414
127.53255463 396.55426025 297.58374023
127.09967804 395.10192871 298.46154785
126.95392609 394.61608887 298.75537109
126.47986603 393.04522705 299.70581055
126.21929169 392.18463135 300.22656250
125.82476044 390.88687134 301.01232910
125.74716949 390.63510132 301.16491699
125.39734650 389.51763916 301.84326172
125.17510223 388.81161499 302.27209473
124.78411102 387.57562256 303.02307129
124.67121124 387.22222900 303.23791504
124.35973358 386.25933838 303.82409668
124.20565033 385.78741455 304.11169434
124.00351715 385.17712402 304.48413086
123.98435211 385.12600708 304.51574707
123.78197479 384.56301880 304.83032227
123.62767792 384.13159180 305.06835938
123.31574249 383.25650024 305.54724121
123.20265961 382.93783569 305.71972656
122.81098175 381.83013916 306.31384277
122.58834076 381.19934082 306.65075684
122.23789215 380.20440674 307.17932129
122.16013336 379.98239136 307.29553223
121.76476288 378.84765625 307.88195801
121.50360870 378.09704590 308.26843262
121.02849579 376.72973633 308.97009277
120.88240814 376.30838013 309.18505859
120.44850922 375.05383301 309.82104492
120.22267914 374.39987183 310.15124512
119.90384674 373.47454834 310.61584473
119.85637665 373.33538818 310.68383789
119.53319550 372.37854004 311.13946533
119.30365753 371.69757080 311.46197510
118.86170197 370.38442993 312.08129883
118.71240997 369.93988037 312.28967285
118.22553253 368.48699951 312.96691895
117.95746613 367.68615723 313.33898926
117.55084991 366.46972656 313.90209961
117.47035980 366.22784424 314.01269531
117.10495758 365.12414551 314.51019287
116.87223053 364.41998291 314.82604980
116.46187592 363.17651367 315.38146973
116.34287262 362.81481934 315.54162598
116.01279449 361.80773926 315.98291016
115.84885406 361.30627441 316.20092773
115.63251495 360.64166260 316.48657227
115.61100006 360.57354736 316.51330566
115.42612457 359.91436768 316.79888916
115.28917694 359.41754150 317.01696777
115.01757050 358.42053223 317.45825195
114.92169952 358.06280518 317.61840820
114.59682465 356.83401489 318.17382813
114.41420746 356.13848877 318.48962402
114.13040924 355.04882813 318.98706055
114.06975555 354.81036377 319.09765625
113.77172089 353.61257935 319.66076660
113.57691193 352.82437134 320.03283691
113.22560883 351.39477539 320.71008301
113.11928558 350.95764160 320.91845703
112.80905914 349.66717529 321.53778076
112.64946747 348.99822998 321.86022949
112.42772675 348.05883789 322.31585693
112.39725494 347.92257690 322.38391113
112.20682526 347.01934814 322.84851074
112.07408905 346.38140869 323.17871094
111.82202911 345.15814209 323.81469727
111.73871613 344.74758911 324.02978516
111.47243500 343.41619873 324.73138428
111.32749176 342.68557739 325.11779785
111.11064911 341.58154297 325.70428467
111.06972504 341.36587524 325.82049561
110.89395905 340.40100098 326.34906006
110.78423309 339.78964233 326.68585205
110.59424591 338.71661377 327.28002930
110.54111481 338.40826416 327.45245361
110.40056610 337.56265259 327.93139648
110.33322906 337.14617920 328.16943359
110.24927521 336.60357666 328.48400879
110.24465179 336.55493164 328.51562500
110.14089203 335.78112793 328.94055176
110.05655670 335.16647339 329.27307129
109.87923431 333.89147949 329.95690918
109.81156158 333.41326904 330.21044922
109.56781769 331.71270752 331.10400391
109.42655182 330.73330688 331.61633301
109.19945526 329.16918945 332.43078613
109.14606476 328.80792236 332.61645508
108.86090851 326.90649414 333.58325195
108.66989899 325.63800049 334.22631836
108.31833649 323.31100464 335.40295410
108.20800018 322.58499146 335.76843262
107.87308502 320.39443970 336.86584473
107.69635773 319.24285889 337.44104004
107.44213104 317.59481812 338.26098633
107.40097809 317.33377075 338.38854980
107.09844208 315.45135498 339.29406738
106.88030243 314.09890747 339.94262695
106.45569611 311.47314453 341.19897461
106.30988312 310.57495117 341.62725830
105.82721710 307.61187744 343.03601074
105.55931854 305.97027588 343.81518555
105.14899445 303.46145630 345.00378418
105.06517792 302.95260620 345.24334717
104.67150116 300.58020020 346.35278320
104.41788483 299.05560303 347.06420898
103.96614838 296.34588623 348.32604980
103.83257294 295.54791260 348.69628906
103.45316315 293.29244995 349.73791504
103.26154327 292.15716553 350.26049805
103.00217438 290.62835693 350.96093750
102.97148895 290.45324707 351.03869629
102.69145966 288.86132813 351.76538086
102.48209381 287.67193604 352.31054688
102.06429291 285.29922485 353.40093994
101.91551971 284.45486450 353.79040527
101.40766144 281.57379150 355.12359619
101.12113190 279.94866943 355.87677002
100.67385101 277.41262817 357.05426025
100.57700348 276.86401367 357.31036377
100.09534454 274.13745117 358.58947754
99.77933502 272.34899902 359.42974854
99.20761871 269.11404419 360.95159912
99.03359222 268.12969971 361.41577148
98.52246857 265.23980713 362.78198242
98.25838470 263.74707031 363.48889160
97.88924408 261.66128540 364.47900391
97.83692169 261.36614990 364.62072754
97.49834442 259.46060181 365.54785156
97.26045990 258.12237549 366.20068359
96.80612946 255.56719971 367.44982910
96.65456390 254.71527100 367.86767578
96.16584015 251.96954346 369.21850586
95.89850616 250.46798706 369.95849609
95.49607086 248.20855713 371.07421875
95.41849518 247.77343750 371.29064941
95.07666779 245.85903931 372.25073242
94.86124420 244.65322876 372.85729980
94.48505402 242.54827881 373.91900635
94.37799835 241.94985962 374.22247314
94.08811188 240.33119202 375.04919434
93.94667816 239.54220581 375.45434570
93.76514435 238.53091431 375.97802734
93.75096893 238.45307922 376.02172852
93.58950043 237.62048340 376.50860596
93.46527863 236.98466492 376.88220215
93.21265411 235.69784546 377.64062500
93.12035370 235.23066711 377.91711426
92.79863739 233.61071777 378.87902832
92.61518097 232.68934631 379.42712402
92.32538605 231.23806763 380.29199219
92.26044464 230.91549683 380.48522949
91.92728424 229.27232361 381.47412109
91.70664215 228.18647766 382.12854004
91.30437469 226.21017456 383.32104492
91.18021393 225.60203552 383.68872070
90.80986786 223.79440308 384.78405762
90.61660004 222.85313416 385.35522461
90.34272003 221.52319336 386.16394043
90.30121613 221.32452393 386.28582764
90.01396942 219.96752930 387.12597656
89.80924225 219.00305176 387.72412109
89.41407013 217.14511108 388.87805176
89.28006744 216.51705933 389.26879883
88.84152985 214.46725464 390.54687500
88.59963226 213.33830261 391.25146484
88.23181915 211.62493896 392.32202148
88.15847015 211.28527832 392.53515625
87.82257843 209.74060059 393.50866699
87.60803986 208.75622559 394.13000488
87.22878265 207.01965332 395.22766113
87.11824799 206.51556396 395.54711914
86.80973053 205.11544800 396.43743896
86.65581512 204.41946411 396.88110352
86.45128632 203.49960327 397.46948242
86.42989349 203.40716553 397.53027344
86.20999908 202.41369629 398.21325684
86.04291534 201.65463257 398.73791504
85.70583344 200.11779785 399.80371094
85.58400726 199.55960083 400.19262695
85.16301727 197.62322998 401.54693604
84.92398834 196.52166748 402.31884766
84.54825592 194.78619385 403.53735352
84.46521759 194.40020752 403.80999756
84.04439545 192.43298340 405.20666504
83.76673126 191.13275146 406.13116455
83.26200104 188.76596069 407.81628418
83.10703278 188.03750610 408.33605957
82.64754486 185.87161255 409.88549805
82.40866852 184.74359131 410.69372559
82.07189178 183.14941406 411.83837891
82.02210236 182.91101074 412.01135254
81.68552399 181.28085327 413.20556641
81.44680023 180.12197876 414.05621338
80.98766327 177.88919067 415.69763184
80.83283234 177.13427734 416.25378418
80.32859039 174.66970825 418.07336426
80.05121613 173.31216431 419.07666016
79.63088226 171.25158691 420.60168457
79.54796600 170.84289551 420.90551758
79.17288208 168.98321533 422.29492188
78.93430328 167.79785156 423.18188477
78.51412201 165.70639038 424.74938965
78.39254761 165.09906006 425.20593262
78.05625153 163.41156006 426.47900391
77.88957214 162.57247925 427.11364746
77.67028046 161.46298218 427.95617676
77.64899445 161.35107422 428.04364014
77.42951965 160.27838135 428.85986328
77.26268768 159.47082520 429.47204590
76.92604828 157.85159302 430.69628906
76.80432892 157.27127075 431.13354492
76.38362885 155.27960205 432.62976074
76.14473724 154.15277100 433.47497559
75.76915741 152.38836670 434.79626465
75.68611908 152.00283813 435.08361816
75.26511383 150.06903076 436.51806641
74.98729706 148.79702759 437.46032715
74.48224640 146.49081421 439.16668701
74.32715607 145.78604126 439.68701172
73.86721039 143.70706177 441.21850586
73.62805939 142.62985229 442.01086426
73.29085541 141.11813354 443.12048340
73.24097443 140.89959717 443.27929688
72.90341949 139.45538330 444.31683350
72.66397858 138.43603516 445.04742432
72.20337677 136.48248291 446.44519043
72.04803467 135.82733154 446.91259766
71.54203033 133.70437622 448.42346191
71.26364899 132.53985596 449.25109863
70.84172821 130.78112793 450.49890137
70.75846100 130.43811035 450.74084473
70.38166046 128.90661621 451.81372070
70.14196014 127.93688965 452.49133301
69.71974945 126.23599243 453.67736816
69.59755707 125.74780273 454.01635742
69.25943756 124.41107178 454.93920898
69.09181976 123.75350952 455.39141846
68.87120819 122.89831543 455.97564697
68.84972382 122.82287598 456.02429199
68.57083893 122.06195068 456.54022217
68.35327911 121.48516846 456.93383789
67.90695953 120.32348633 457.72998047
67.74195099 119.90454102 458.01867676
67.16158295 118.45941162 459.01940918
66.82912445 117.63973999 459.58837891
66.30132294 116.35247803 460.48425293
66.18135834 116.06884766 460.68322754
65.55849457 114.63510132 461.69543457
65.14455414 113.68981934 462.36413574
64.38764191 111.97265625 463.58105469
64.15279388 111.44610596 463.95532227
63.44844055 109.88677979 465.06738281
63.07955170 109.07681274 465.64630127
62.55428314 107.93621826 466.46386719
62.47294617 107.76852417 466.58581543
61.89808655 106.64114380 467.41687012
61.48668671 105.84252930 468.00732422
60.69023895 104.30780029 469.14453125
60.41896057 103.79095459 469.52874756
59.52744293 102.10980225 470.78234863
59.03456879 101.18560791 471.47265625
58.28316498 99.78622437 472.51995850
58.13198090 99.51089478 472.72741699
57.43314362 98.26934814 473.66992188
56.98530579 97.48043823 474.27032471
56.19139862 96.09240723 475.32922363
55.95873260 95.69152832 475.63635254
55.30493164 94.58523560 476.48889160
54.97721100 94.03790283 476.91247559
54.53856659 93.31961060 477.47192383
54.49031830 93.25131226 477.52783203
53.99390411 92.53274536 478.11346436
53.61666107 91.98510742 478.55957031
52.85556793 90.87829590 479.46099854
52.58045959 90.47720337 479.78747559
51.62973785 89.08834839 480.91760254
51.08994293 88.29898071 481.55981445
50.24135590 87.05664063 482.57031250
50.05378723 86.78112793 482.79431152
49.10312653 85.38067627 483.93225098
48.47583771 84.45581055 484.68359375
47.33554077 82.77331543 486.05023193
46.98542786 82.25607300 486.47033691
45.94727325 80.72009277 487.71734619
45.40753937 79.92077637 488.36621094
44.64656067 78.79248047 489.28192139
44.53403473 78.62463379 489.41796875
43.77313232 77.48281860 490.34265137
43.23345184 76.67193604 490.99920654
42.19542694 75.11090088 492.26293945
41.84536743 74.58374023 492.68957520
40.70526123 72.86459351 494.08068848
40.07808685 71.91821289 494.84637451
39.12760162 70.48275757 496.00756836
38.94008636 70.19873047 496.23718262
38.09174347 68.90979004 497.27874756
37.55211639 68.08901978 497.94189453
36.60169220 66.64199829 499.11083984
36.32667542 66.22247314 499.44964600
35.56587982 65.05914307 500.38867188
35.18878937 64.48153687 500.85485840
34.69260406 63.71945190 501.46954346
34.64439392 63.64385986 501.53027344
34.20603943 62.87158203 502.13977051
33.87850952 62.28521729 502.60131836
33.22510529 61.10293579 503.53063965
32.99257660 60.67590332 503.86560059
32.19911957 59.20117188 505.02026367
31.75154114 58.36416626 505.67504883
31.05307770 57.04879761 506.70300293
30.90196991 56.75836182 506.92932129
30.15093994 55.28771973 508.07238770
29.65830231 54.31756592 508.82580566
28.76721954 52.55447388 510.19421387
28.49606323 52.01336670 510.61376953
27.69997406 50.40966797 511.85546875
27.28876495 49.57614136 512.50036621
26.71414948 48.40142822 513.40820313
26.63284302 48.22808838 513.54138184
26.10772705 47.05813599 514.43566895
25.73894501 46.22869873 515.06896973
25.03476715 44.63378906 516.28570557
24.79998016 44.09619141 516.69531250
24.04323578 42.34600830 518.02709961
23.62938690 41.38348389 518.75903320
23.00664520 39.92517090 519.86706543
22.88671112 39.63775635 520.08496094
22.35896301 38.33880615 521.06634521
22.02654266 37.51281738 521.68969727
21.44622040 36.05859375 522.78619385
21.28122711 35.63806152 523.10272217
20.83489990 34.47564697 523.97558594
20.61733246 33.89990234 524.40716553
20.33843231 33.14294434 524.97314453
20.31694794 33.06994629 525.02661133
20.05870056 32.38140869 525.53991699
19.85883331 31.86425781 525.92651367
19.45085907 30.82885742 526.70178223
19.30104065 30.45855713 526.97973633
18.77677917 29.18994141 527.93365479
18.47723389 28.47283936 528.47338867
18.00301361 27.35113525 529.31860352
17.89608002 27.10675049 529.50341797
17.34456635 25.88433838 530.43041992
16.97876740 25.08090210 531.04016113
16.31095886 23.62524414 532.14575195
16.10434723 23.18096924 532.48364258
15.48657990 21.87219238 533.48071289
15.16367340 21.19464111 533.99731445
14.70509338 20.24505615 534.72241211
14.63493347 20.10858154 534.82739258
14.06101990 19.11785889 535.59960938
13.63925934 18.40509033 536.15673828
12.80729675 17.01992798 537.24145508
12.51594543 16.54544067 537.61413574
11.53507996 14.97814941 538.84814453
10.98568726 14.10925293 539.53320313
10.13524628 12.78024292 540.58264160
9.95568848 12.50997925 540.79711914
8.92852783 11.07006836 541.95178223
8.22766495 10.10610962 542.72705078
6.91861725 8.33288574 544.15625000
6.49744415 7.77691650 544.60607910
4.89770508 5.76318359 546.24792480
3.94766998 4.59307861 547.20532227
1.84554672 2.09820557 549.25952148
0.00000000 0.00000000 551.00000000
