0.00000000 687.24523926 0.00000000
0.71371460 683.88409424 4.52508545
1.60371399 680.04614258 9.73876953
2.03717041 678.30786133 12.11907959
2.79895020 675.37683105 16.15185547
3.01843262 674.60278320 17.22827148
3.73385620 672.19311523 20.59924316
4.12756348 670.90161133 22.41223145
4.72453308 669.00640869 25.08477783
4.84251404 668.67346191 25.56250000
5.43721008 667.09197998 27.85266113
5.82896423 666.06945801 29.33801270
6.54013062 664.24237061 31.99896240
6.75796509 663.69885254 32.79443359
7.40213013 662.14410400 35.08300781
7.73645020 661.35498047 36.24920654
8.20666504 660.27929688 37.84790039
8.27540588 660.14636230 38.05200195
8.76708984 659.27264404 39.41876221
9.11979675 658.65661621 40.38623047
9.80381775 657.47692871 42.24420166
10.03741455 657.08178711 42.86932373
10.80682373 655.80285645 44.90093994
11.23274231 655.10180664 46.01721191
11.88305664 654.04376221 47.70654297
12.01454163 653.83795166 48.03820801
12.62551880 652.92181396 49.53076172
13.01773071 652.34240723 50.47833252
13.71411133 651.32702637 52.14453125
13.91879272 651.03619385 52.62500000
14.49606323 650.24169922 53.94885254
14.78616333 649.85162354 54.60302734
15.17591858 649.34570313 55.45977783
15.21987915 649.30218506 55.53997803
15.66726685 648.82287598 56.36523438
16.00677490 648.45556641 56.99243164
16.69108582 647.71044922 58.25769043
16.93812561 647.43908691 58.71508789
17.79095459 646.49584961 60.29571533
18.27490234 645.95867920 61.19311523
19.03526306 645.11138916 62.60400391
19.20304871 644.92230225 62.91583252
20.05213928 643.95587158 64.49645996
20.61215210 643.31658936 65.53942871
21.62977600 642.15203857 67.43536377
21.94200134 641.79315186 68.01745605
22.86714172 640.72460938 69.74365234
23.34790039 640.16754150 70.64111328
24.02525330 639.37939453 71.90637207
24.12509918 639.26086426 72.09350586
24.79809570 638.44561768 73.35876465
25.27510071 637.86547852 74.25622559
26.19214630 636.74670410 75.98236084
26.50117493 636.36791992 76.56445313
27.50695038 635.13000488 78.46038818
28.06002045 634.44763184 79.50335693
28.89781189 633.41113281 81.08398438
29.06283569 633.20507813 81.39581299
29.80815125 632.26452637 82.80664063
30.28196716 631.66448975 83.70410156
31.11601257 630.60479736 85.28466797
31.35710144 630.29656982 85.74206543
32.02316284 629.43835449 87.00738525
32.35298157 629.01092529 87.63452148
32.78631592 628.44451904 88.45977783
32.82793427 628.38641357 88.53997803
33.10997009 627.62487793 89.52807617
33.31010437 627.03027344 90.29479980
33.69518280 625.80963135 91.86242676
33.82511902 625.35803223 92.43945313
34.24850464 623.76873779 94.46197510
34.48146820 622.85809326 95.61853027
34.83465576 621.41186523 97.45141602
34.90441895 621.08288574 97.86578369
35.22038269 619.37341309 100.00793457
35.42144775 618.23712158 101.42974854
35.77571106 616.15899658 104.02679443
35.87829590 615.51397705 104.83105469
36.16235352 613.57891846 107.23840332
36.30325317 612.56524658 108.49755859
36.48883057 611.12139893 110.28735352
36.50700378 610.89752197 110.56231689
36.56726837 609.31353760 112.49176025
36.60073853 608.17968750 113.87054443
36.65205383 605.98419189 116.53704834
36.66256714 605.23620605 117.44384766
36.67666626 602.77746582 120.41967773
36.67823792 601.41796875 122.06359863
36.66938782 599.34509277 124.56750488
36.66022491 598.92779541 125.06976318
36.58116150 596.99798584 127.38391113
36.52256775 595.76110840 128.86523438
36.40629578 593.56805420 131.48870850
36.36523438 592.92517090 132.25610352
36.22599792 591.11791992 134.40765381
36.14770508 590.21179199 135.48443604
36.02600861 588.99853516 136.92211914
35.99997711 588.86474609 137.07763672
35.81063080 587.53039551 138.59930420
35.67436981 586.52038574 139.74810791
35.40950012 584.48815918 142.05572510
35.31874084 583.75622559 142.88488770
35.01885223 581.23437500 145.73657227
34.85256958 579.80462646 147.35162354
34.59817505 577.56079102 149.88360596
34.54640961 577.06719971 150.43884277
34.30423737 574.57647705 153.23254395
34.14842987 572.93511963 155.07196045
33.87123108 569.95465088 158.40966797
33.78943634 569.04138184 159.43109131
33.55773926 566.33898926 162.44915771
33.44093323 564.93597412 164.01464844
33.28326416 562.96166992 166.21472168
33.26492310 562.67242432 166.53509521
33.17459106 560.73443604 168.66772461
33.11549377 559.36260986 170.17529297
33.00886536 556.72778320 173.06799316
32.97654724 555.84118652 174.03979492
32.88212585 552.95947266 177.19421387
32.83351135 551.37597656 178.92614746
32.76587677 548.97949219 181.54486084
32.75651550 548.50885010 182.05749512
32.73437500 546.39044189 184.35656738
32.72475433 545.04528809 185.81451416
32.71483612 542.67999268 188.37536621
32.71595764 541.99768066 189.11242676
32.73281860 540.11761475 191.13751221
32.74614716 539.18841553 192.13623047
32.77373505 537.97119141 193.44042969
32.78404999 537.85705566 193.55944824
32.93705750 536.76123047 194.66400146
33.05790710 535.93615723 195.49169922
33.30769348 534.28167725 197.14611816
33.40095520 533.68859863 197.73651123
33.73146057 531.65295410 199.75561523
33.92149353 530.50115967 200.89587402
34.22442627 528.69757080 202.67761230
34.29405212 528.30334473 203.06457520
34.65899658 526.32580566 204.99493408
34.90216827 525.02490234 206.26257324
35.34782410 522.66613770 208.55755615
35.48664856 521.94531250 209.25708008
35.90472412 519.81860352 211.31481934
36.12426758 518.71655273 212.37902832
36.43798828 517.16992188 213.86865234
36.48735046 516.94616699 214.08129883
36.84123230 515.46722412 215.46728516
37.09519958 514.42327881 216.44274902
37.58787537 512.42236328 218.30810547
37.75619507 511.75128174 218.93151855
38.31088257 509.57641602 220.94549561
38.61799622 508.38336182 222.04821777
39.08702850 506.58132935 223.71020508
39.18194580 506.22982788 224.03204346
39.62340546 504.65982056 225.45672607
39.90687561 503.66564941 226.35607910
40.41033173 501.92169189 227.92926025
40.55839539 501.42105103 228.37841797
40.97621155 500.04992676 229.59960938
41.18627930 499.37533569 230.19726563
41.46868896 498.49777222 230.96832275
41.50068665 498.42016602 231.03149414
41.88786316 497.59567261 231.71319580
42.18772888 496.96655273 232.23437500
42.80010986 495.69403076 233.28979492
43.02515411 495.23236084 233.67327881
43.81298828 493.63244629 235.00415039
44.26322937 492.72274780 235.76141357
44.97623444 491.29028320 236.95471191
45.13713074 490.97219849 237.22021484
45.96751404 489.35321045 238.57421875
46.51837158 488.28359985 239.46936035
47.52420044 486.33724976 241.09875488
47.83547974 485.73855591 241.60040283
48.76646423 483.95968628 243.09222412
49.25318146 483.03363037 243.86926270
49.94458008 481.72564697 244.96771240
50.05050659 481.53057861 245.13214111
50.79154205 480.20037842 246.25756836
51.32080078 479.25524902 247.05780029
52.34397888 477.43502808 248.59979248
52.69171143 476.82000732 249.12133789
53.83227539 474.81326294 250.82403564
54.46215057 473.70825195 251.76202393
55.42118835 472.03158569 253.18603516
55.61333466 471.69946289 253.46862793
56.49752808 470.19027710 254.75500488
57.06326294 469.22879028 255.57507324
58.06484222 467.53308105 257.02221680
58.35760498 467.04104614 257.44262695
59.17765808 465.67541504 258.61108398
59.58779907 464.99685669 259.19226074
60.13488770 464.10067749 259.96093750
60.19367981 464.01107788 260.03869629
60.72013855 463.04125977 260.80743408
61.11259460 462.29959106 261.38854980
61.89434814 460.79718018 262.55700684
62.17195892 460.25109863 262.97741699
63.11755371 458.35546875 264.42462158
63.65045929 457.27679443 265.24475098
64.48120117 455.57672119 266.53112793
64.66035461 455.19824219 266.81365967
65.54824829 453.26760864 268.23767090
66.13014221 451.99127197 269.17565918
67.18187714 449.66741943 270.87847900
67.50148010 448.95190430 271.39996338
68.43836212 446.82360840 272.94195557
68.92180634 445.71490479 273.74218750
69.59640503 444.14743042 274.86761475
69.69118500 443.91262817 275.03204346
70.29846191 442.30432129 276.13049316
70.72420502 441.16055298 276.90753174
71.53607941 438.95635986 278.39935303
71.80622101 438.21081543 278.90100098
72.67524719 435.77606201 280.53045654
73.14997864 434.43463135 281.42553711
73.86340332 432.39807129 282.77960205
74.00017548 431.99386597 283.04516602
74.59873962 430.15286255 284.23840332
74.97502899 428.97906494 284.99566650
75.63075256 426.90747070 286.32653809
75.81652069 426.30560303 286.71008301
76.31665039 424.63223267 287.76550293
76.55956268 423.79977417 288.28656006
76.86915588 422.69830322 288.96826172
76.89160919 422.58663940 289.03149414
77.16979980 421.46398926 289.65014648
77.38579559 420.61337280 290.11730957
77.82759857 418.90066528 291.05572510
77.99028778 418.28326416 291.39294434
78.56077576 416.15417480 292.55273438
78.88707733 414.94671631 293.20965576
79.40425873 413.05081177 294.23950195
79.52125549 412.63323975 294.46533203
80.12636566 410.52368164 295.60198975
80.52803802 409.13299561 296.35046387
81.26184082 406.60705566 297.70849609
81.48913574 405.83264160 298.12414551
82.16961670 403.53985596 299.35229492
82.52560425 402.34909058 299.98937988
83.03171539 400.67254639 300.88470459
83.10954285 400.42633057 301.01513672
83.65605927 398.77249146 301.88354492
84.04666901 397.60119629 302.49737549
84.80218506 395.35061646 303.67535400
85.05915833 394.59286499 304.07116699
85.90261078 392.12860107 305.35595703
86.36859131 390.77410889 306.06134033
87.07841492 388.72338867 307.12792969
87.22085571 388.32012939 307.33679199
87.87737274 386.50262451 308.27349854
88.29766083 385.34799194 308.86755371
89.04210663 383.31677246 309.91107178
89.25991821 382.73034668 310.21142578
89.87073517 381.11267090 311.03680420
90.17648315 380.31256104 311.44390869
90.58482361 379.26312256 311.97558594
90.62908173 379.16369629 312.02423096
91.06948853 378.00939941 312.52966309
91.40271759 377.11935425 312.91418457
92.07307434 375.30694580 313.69073486
92.31443787 374.64343262 313.97180176
93.14590454 372.32754517 314.94396973
93.61723328 371.00598145 315.49627686
94.35684204 368.91662598 316.36499023
94.51946259 368.44732666 316.55725098
95.33985901 366.03491211 317.53332520
95.88043213 364.43643188 318.17761230
96.86194611 361.52053833 319.34936523
97.16266632 360.61968994 319.70928955
98.05230713 357.93035889 320.77740479
98.51414490 356.52606201 321.33300781
99.16394043 354.53436279 322.11676025
99.25907135 354.23150635 322.23303223
99.89595032 352.12719727 323.02130127
100.34670258 350.62637329 323.58068848
101.21235657 347.72790527 324.65716553
101.50358582 346.74432373 325.02044678
102.45003510 343.52276611 326.20434570
102.97003937 341.74499512 326.85577393
103.75695801 339.04071045 327.84350586
103.91144562 338.50048828 328.03869629
104.60649872 336.02270508 328.92285156
105.04776764 334.43914795 329.48559570
105.82360840 331.63830566 330.47717285
106.04734802 330.82119751 330.76440430
106.66365814 328.53762817 331.55987549
106.96818542 327.39739990 331.95446777
107.36697388 325.88024902 332.47436523
107.40425110 325.72006226 332.52539063
107.85293579 323.69897461 333.08203125
108.20023346 322.12680054 333.50817871
108.90921021 318.90731812 334.37194824
109.16960907 317.71990967 334.68615723
110.08088684 313.55120850 335.77746582
110.60157776 311.16543579 336.39868164
111.42596436 307.38153076 337.37817383
111.61187744 306.52392578 337.59655762
112.57088470 302.08151245 338.71105957
113.20698547 299.13128662 339.44799805
114.36828613 293.73962402 340.79016113
114.72760010 292.06842041 341.20361328
115.80200195 287.06155396 342.43395996
116.36361694 284.44113159 343.07507324
117.16123962 280.71328735 343.98175049
117.28330994 280.13842773 344.11785889
118.13661957 276.09121704 345.05157471
118.74596405 273.19708252 345.71582031
119.92378998 267.59713745 346.99633789
120.32402039 265.69131470 347.42956543
121.63647461 259.43286133 348.84509277
122.36122131 255.97427368 349.62512207
123.46456146 250.70416260 350.80969238
123.68554688 249.64547729 351.04498291
124.70198822 244.76013184 352.11767578
125.35224152 241.63134766 352.80175781
126.50331879 236.08749390 354.00946045
126.83969879 234.46438599 354.36059570
127.78165436 229.90884399 355.33728027
128.25267029 227.62722778 355.82336426
128.88075256 224.57733154 356.46704102
128.94808960 224.24475098 356.53265381
129.53402710 221.22091675 357.09753418
129.96890259 218.96160889 357.51611328
130.83258057 214.45443726 358.34655762
131.13800049 212.85046387 358.63970947
132.17465210 207.37725830 359.63354492
132.75781250 204.28994751 360.19226074
133.66499329 199.47210693 361.06079102
133.85943604 198.42980957 361.24645996
134.81738281 193.24948120 362.15930176
135.44404602 189.85150146 362.75610352
136.57499695 183.70516968 363.83233643
136.91769409 181.83486938 364.15814209
137.91917419 176.34387207 365.10900879
138.43487549 173.50756836 365.59814453
139.15237427 169.54431152 366.27807617
139.25169373 168.98345947 366.37170410
139.87738037 165.36187744 366.95703125
140.31437683 162.81845093 367.36523438
141.14532471 157.96197510 368.14050293
141.42057800 156.34271240 368.39678955
142.30229187 151.12377930 369.21643066
142.78279114 148.26968384 369.66271973
143.50277710 143.97491455 370.33044434
143.63938904 143.14779663 370.45666504
144.22988892 139.50836182 370.99902344
144.59942627 137.21594238 371.33776855
145.24069214 133.21401978 371.92449951
145.42082214 132.07623291 372.08862305
145.90034485 128.99847412 372.52355957
146.13124084 127.49822998 372.73217773
146.42137146 125.57507324 372.99255371
146.43914795 125.42694092 373.00720215
146.59573364 123.93377686 373.16247559
146.71215820 122.80206299 373.28100586
146.94366455 120.52288818 373.52081299
147.02568054 119.70098877 373.60784912
147.30445862 116.86621094 373.90948486
147.46141052 115.25827026 374.08099365
147.70578003 112.73327637 374.35113525
147.75828552 112.17697144 374.41113281
148.01765442 109.36523438 374.71661377
148.18746948 107.51147461 374.91845703
148.49411011 104.14410400 375.28576660
148.58714294 103.11157227 375.39880371
148.85935974 100.05401611 375.73461914
148.99966431 98.46582031 375.90954590
149.19512939 96.22943115 376.15649414
149.22235107 95.90072632 376.19335938
149.39515686 93.69122314 376.44476318
149.51605225 92.12615967 376.62341309
149.74621582 89.11853027 376.96759033
149.82260132 88.10571289 377.08386230
150.06777954 84.81140137 377.46343994
150.20152283 83.00042725 377.67248535
150.40219116 80.25839233 377.98968506
150.44042969 79.71899414 378.05255127
150.60668945 77.28674316 378.33819580
150.71093750 75.74136353 378.52020264
150.89218140 73.02236938 378.84124756
150.94329834 72.23718262 378.93438721
151.08004761 70.07049561 379.19305420
151.14614868 68.99856567 379.32159424
151.22976685 67.59207153 379.49133301
151.23532104 67.45843506 379.50836182
151.25007629 66.16186523 379.64135742
151.25717163 65.18414307 379.73840332
151.26605225 63.22161865 379.92883301
151.26657104 62.51721191 379.99499512
151.26094055 60.09661865 380.21618652
151.25558472 58.72625732 380.33966064
151.24337769 56.57897949 380.53002930
151.23828125 56.10882568 380.56976318
151.20146179 53.74597168 380.76013184
151.17503357 52.19079590 380.88354492
151.12370300 49.36987305 381.10473633
151.10615540 48.50704956 381.17089844
151.04826355 45.95941162 381.36126709
151.01618958 44.63854980 381.45837402
150.96717834 42.78320313 381.59143066
150.95724487 42.51382446 381.60839844
150.84146118 40.51559448 381.70019531
150.75215149 39.07220459 381.76184082
150.57022095 36.25915527 381.87548828
150.50360107 35.29135132 381.91137695
150.27101135 32.08251953 382.02050781
150.13825989 30.29992676 382.07836914
149.92835999 27.56665039 382.16174316
149.88119507 27.00646973 382.17541504
149.58216858 23.97583008 382.21368408
149.37301636 21.93823242 382.23278809
148.97489929 18.17712402 382.25823975
148.84278870 16.99084473 382.26092529
148.31404114 12.64544678 382.23406982
147.99291992 10.10717773 382.20837402
147.25645447 4.64477539 382.11596680
146.58447266 0.00000000 382.00000000
