148.65742493 0.00000000 0.00000000
149.99470520 10.56579590 0.92810059
151.49760437 22.79156494 2.03027344
152.16859436 28.39428711 2.54663086
153.29011536 37.90765381 3.43457031
153.58039856 40.45928955 3.67944336
154.47389221 48.47225952 4.45971680
154.94941711 52.78887939 4.88372803
155.64112854 59.16467285 5.51672363
155.75849915 60.31298828 5.63537598
156.30476379 65.84088135 6.21801758
156.65568542 69.43075562 6.59887695
157.27906799 75.86907959 7.28558350
157.46250916 77.79779053 7.49334717
157.98048401 83.36029053 8.09973145
158.24104309 86.19940186 8.41168213
158.59156799 90.10073853 8.84509277
158.63142395 90.60559082 8.90454102
158.88099670 94.01040649 9.31842041
159.05503845 96.42398071 9.61364746
159.38551331 101.06442261 10.18371582
159.49476624 102.62835693 10.37725830
159.84416199 107.71908569 11.01110840
160.03434753 110.51861572 11.36083984
160.31898499 114.75970459 11.89294434
160.37275696 115.59536743 11.99926758
160.60386658 119.37054443 12.48693848
160.74818420 121.77075195 12.79870605
160.99818420 125.99621582 13.35009766
161.06809998 127.21783447 13.51098633
161.25331116 130.59365845 13.96069336
161.34211731 132.26559448 14.18518066
161.45295715 134.46286011 14.48400879
161.45915222 134.67431641 14.51562500
161.46995544 136.91833496 14.80920410
161.47303772 138.63031006 15.02929688
161.47248840 142.09295654 15.46923828
161.46894836 143.34893799 15.62622070
161.44737244 147.70129395 16.16333008
161.43244934 150.17590332 16.46667480
161.40425110 154.07226563 16.94079590
161.39500427 154.93737793 17.04382324
161.33460999 159.33969116 17.55780029
161.29206848 162.24798584 17.89538574
161.21064758 167.54003906 18.50653076
161.18342590 169.16775513 18.69287109
161.09541321 174.00375366 19.24102783
161.04719543 176.52117920 19.52453613
160.97450256 180.07662964 19.92144775
160.96040344 180.60668945 19.97814941
160.84236145 184.22042847 20.34808350
160.75532532 186.78781128 20.60845947
160.58311462 191.73208618 21.10644531
160.52259827 193.40261841 21.27294922
160.31819153 198.85287476 21.81085205
160.20350647 201.85394287 22.10540771
160.02565002 206.40734863 22.54943848
159.98786926 207.30917358 22.63537598
159.80335999 211.40655518 23.01629639
159.68296814 214.01675415 23.25683594
159.46626282 218.62011719 23.67773438
159.40089417 219.95562744 23.79785156
159.21070862 223.66213989 24.12475586
159.11305237 225.50363159 24.28479004
158.97785950 227.93542480 24.49133301
158.95954895 228.17834473 24.50842285
158.82954407 230.62066650 24.73071289
158.73637390 232.47119141 24.90429688
158.55586243 236.19726563 25.26043701
158.49427795 237.54049683 25.39215088
158.29164124 242.17245483 25.85571289
158.17955017 244.79943848 26.12133789
158.00852966 248.92410278 26.54309082
157.97401428 249.83255005 26.63903809
157.81410217 254.42227173 27.13732910
157.71150208 257.44787598 27.46850586
157.52946472 262.94345093 28.07421875
157.47602844 264.62835693 28.26220703
157.32557678 269.61669922 28.82617188
157.25007629 272.20748901 29.12158203
157.14875793 275.85513306 29.54223633
157.13746643 276.39089966 29.60742188
157.08595276 279.98928833 30.06866455
157.05311584 282.53784180 30.39880371
156.99507141 287.43469238 31.03796387
156.97822571 289.08340454 31.25567627
156.93132019 294.44531250 31.97137451
156.90794373 297.39245605 32.36706543
156.87702942 301.85452271 32.97039795
156.87385559 302.73193359 33.09185791
156.87452698 306.68670654 33.65338135
156.87825012 309.19909668 34.01324463
156.88996887 313.61889648 34.65130615
156.89628601 314.89492798 34.83831787
156.92402649 318.41491699 35.36401367
156.94148254 320.15597534 35.62756348
156.97181702 322.43960571 35.98040771
156.98042297 322.65591431 36.01928711
157.00569153 324.90802002 36.48242188
157.01875305 326.62207031 36.84057617
157.03703308 330.08346558 37.57116699
157.03962708 331.33630371 37.83923340
157.03755188 335.67053223 38.77661133
157.03315735 338.13269043 39.31201172
157.02064514 342.00570679 40.15942383
157.01423645 342.86328125 40.35034180
156.96577454 347.21655273 41.33410645
156.93058777 350.09033203 41.98638916
156.86177063 355.31640625 43.17700195
156.83796692 356.92208862 43.54516602
156.75868225 361.68698120 44.64575195
156.71455383 364.16546631 45.22094727
156.64665222 367.66226196 46.03747559
156.63258362 368.18099976 46.16223145
156.51054382 371.70001221 47.03271484
156.41996765 374.19754028 47.65417480
156.24012756 379.00372314 48.85510254
156.17652893 380.62573242 49.26306152
155.96076965 385.91213989 50.60034180
155.83937073 388.82131958 51.33862305
155.65058899 393.23217773 52.46240234
155.61012268 394.10375977 52.68725586
155.41087341 398.05343628 53.72094727
155.28053284 400.56732178 54.38208008
155.04533386 404.99725342 55.55212402
154.97407532 406.28042603 55.89392090
154.76582336 409.83480835 56.85046387
154.65861511 411.59820557 57.32861328
154.50947571 413.92190552 57.96582031
154.48884583 414.15020752 58.03381348
154.01432800 416.41970825 58.92309570
153.62825012 418.13665771 59.61730957
152.81575012 421.59033203 61.04211426
152.50544739 422.83370972 61.56909180
151.38716125 427.11645508 63.42346191
150.73890686 429.54403687 64.48583984
149.69636536 433.35321045 66.17297363
149.45103455 434.19061279 66.55664063
148.14009094 438.41448975 68.54992676
147.26176453 441.19754028 69.87475586
145.64497375 446.25045776 72.29760742
145.13746643 447.79849243 73.04949951
143.59642029 452.37783813 75.30517578
142.78303528 454.75494385 76.48669434
141.61283875 458.09927368 78.16943359
141.42317200 458.58874512 78.43029785
140.02824402 461.86437988 80.27508545
139.02223206 464.18258667 81.59558105
137.06385803 468.63433838 84.15222168
136.39118958 470.13192749 85.02313232
134.16438293 474.99838257 87.88586426
132.92829895 477.67205811 89.46875000
131.03486633 481.71786499 91.88201904
130.64802551 482.51202393 92.36779785
128.83036804 486.08422852 94.61389160
127.65925598 488.35195923 96.05334473
125.57319641 492.33889771 98.60559082
124.95622253 493.48852539 99.35363770
123.20353699 496.65478516 101.45642090
122.31819153 498.21911621 102.51062012
121.11967468 500.26730347 103.92199707
120.97773743 500.45852661 104.07757568
119.59571838 502.44268799 105.60455322
118.55308533 503.95217896 106.75781250
116.45960999 506.99960327 109.07519531
115.70787048 508.10220337 109.90820313
113.12373352 511.91546631 112.77404785
111.66053772 514.08135986 114.39746094
109.36726379 517.48773193 116.94311523
108.86485291 518.24157715 117.50158691
106.33854675 522.06671143 120.31341553
104.67555237 524.59155273 122.16503906
101.65858459 529.18249512 125.52539063
100.73561096 530.59277344 126.55401611
98.00953674 534.77679443 129.59411621
96.59590149 536.95281982 131.17120361
94.60981750 540.02233887 133.38824463
94.32109070 540.47729492 133.71142578
92.40245056 543.56066895 135.86547852
91.04661560 545.74859619 137.38854980
88.44581604 549.95837402 140.31152344
87.57240295 551.37884521 141.29382324
84.73851013 556.00738525 144.48315430
83.18290710 558.55426025 146.23449707
80.83143616 562.41534424 148.88293457
80.37147522 563.17791748 149.40173340
78.31089783 566.63208008 151.72998047
77.00465393 568.83020020 153.20678711
74.71098328 572.70312500 155.80126953
74.05128479 573.82470703 156.54827881
72.24000549 576.93005371 158.60192871
71.34721375 578.47033691 159.61517334
70.18251038 580.49914551 160.93908691
70.07701111 580.69787598 161.06060791
68.96479797 582.73223877 162.25848389
68.11701965 584.27722168 163.16369629
66.40327454 587.39294434 164.98333740
65.78211975 588.51849365 165.63775635
63.63093567 592.40643311 167.89007568
62.40821838 594.61334229 169.16619873
60.48368835 598.08178711 171.16766357
60.05677795 598.84790039 171.60705566
57.88636780 602.72802734 173.82080078
56.45289612 605.28771973 175.27880859
53.84504700 609.94006348 177.92529297
53.04325867 611.36810303 178.73559570
50.66206360 615.60101318 181.13122559
49.42286682 617.80126953 182.37426758
47.67335510 620.90240479 184.12219238
47.41297913 621.36035156 184.37744141
45.38670349 624.87121582 186.29040527
43.91026306 627.42260742 187.67492676
41.01509094 632.41644287 190.37713623
40.00996399 634.14550781 191.30871582
36.65095520 639.90991211 194.40319824
34.77693176 643.12194824 196.12402344
31.88920593 648.06396484 198.76562500
31.28804016 649.08813477 199.30902100
27.93675232 654.74755859 202.27001953
25.66535950 658.57458496 204.26464844
21.44541931 665.67150879 207.95233154
20.09968567 667.92761230 209.11859131
15.06919861 676.31347656 213.41235352
12.10307312 681.24523926 215.92645264
5.61769104 691.98144531 221.35870361
0.00000000 701.23461914 226.00000000
