0.00000000 0.00000000 0.00000000
3.59690857 7.42590332 2.08850098
7.65061951 15.81280518 4.51983643
9.46511841 19.57421875 5.63989258
12.50260925 25.87854004 7.54772949
13.29168701 27.52081299 8.06292725
15.72554016 32.59429932 9.68676758
17.02264404 35.30078125 10.56347656
18.91241455 39.24877930 11.86181641
19.23513794 39.92633057 12.09808350
20.74343872 43.10217285 13.24145508
21.71354675 45.14675903 13.98529053
23.43893433 48.78619385 15.32128906
23.94775391 49.86114502 15.72259521
25.38824463 52.91021729 16.88366699
26.11413574 54.44879150 17.47753906
27.09332275 56.52819824 18.29608154
27.20672607 56.77197266 18.40380859
27.92405701 58.32617188 19.13684082
28.42550659 59.41455078 19.65740967
29.37969971 61.48818970 20.65960693
29.69612122 62.17724609 20.99804688
30.71075439 64.39105225 22.10186768
31.26402283 65.59960938 22.70947266
32.09362793 67.41418457 23.63122559
32.25143433 67.76098633 23.81359863
32.93568420 69.27325439 24.64147949
33.36437988 70.22268677 25.16864014
34.10907745 71.87518311 26.09808350
34.31871033 72.34216309 26.36755371
34.87837219 73.59533691 27.11486816
35.14846802 74.20251465 27.48596191
35.48908234 74.97326660 27.97558594
35.51095581 75.02673340 28.02423096
35.74652100 75.59793091 28.47711182
35.92656708 76.03405762 28.81665039
36.29115295 76.91662598 29.49572754
36.42361450 77.23693848 29.73822021
36.88319397 78.34771729 30.56787109
37.14467621 78.97946167 31.03649902
37.55667114 79.97445679 31.76904297
37.64834595 80.19558716 31.92828369
38.11564636 81.32177734 32.72320557
38.42453003 82.06597900 33.24530029
38.98684692 83.42041016 34.19079590
39.15992737 83.83715820 34.47912598
39.67464447 85.07583618 35.32751465
39.94273376 85.72082520 35.76641846
40.32165527 86.63204956 36.38098145
40.37835693 86.76812744 36.46887207
40.76628876 87.69732666 37.04290771
41.04209900 88.35772705 37.44702148
41.57353973 89.62982178 38.22021484
41.75324249 90.05981445 38.47875977
42.33998108 91.46313477 39.31427002
42.66320801 92.23596191 39.77191162
43.15385437 93.40881348 40.46185303
43.25119019 93.64129639 40.59558105
43.69424438 94.69836426 41.18835449
43.97666168 95.37200928 41.56274414
44.47502136 96.56033325 42.21789551
44.61976624 96.90527344 42.40509033
45.02203369 97.86315918 42.91467285
45.22209167 98.33929443 43.16424561
45.48666382 98.96850586 43.48663330
45.51338196 99.03167725 43.51336670
45.73069763 99.54528809 43.73065186
45.89022827 99.92239380 43.89019775
46.20469666 100.66567993 44.20465088
46.31471252 100.92572021 44.31463623
46.68476868 101.80038452 44.68469238
46.89194489 102.29010010 44.89190674
47.21247864 103.04772949 45.21240234
47.28005981 103.20739746 45.28002930
47.60766602 103.98175049 45.60760498
47.82090759 104.48577881 45.82080078
48.20410156 105.39147949 46.20397949
48.31931305 105.66381836 46.31921387
48.65299225 106.45251465 46.65289307
48.82379150 106.85620117 46.82366943
49.05943298 107.41317749 47.05932617
49.09062195 107.48687744 47.09051514
49.27674103 107.92681885 47.27661133
49.40509033 108.23019409 47.40496826
49.64678955 108.80151367 47.64666748
49.72562408 108.98782349 47.72546387
49.97441101 109.57586670 47.97424316
50.10881042 109.89355469 48.10864258
50.30807495 110.36456299 48.30792236
50.34446716 110.45056152 48.34436035
50.49420166 110.80447388 48.49414063
50.58616638 111.02185059 48.58605957
50.74298096 111.39251709 48.74285889
50.78542328 111.49282837 48.78533936
50.89271545 111.74642944 48.89263916
50.94223785 111.86346436 48.94219971
51.00000763 112.00000000 49.00000000
51.00000763 112.00000000 49.00000000
51.05778503 112.18908691 49.08404541
51.10730743 112.35119629 49.15606689
51.21459961 112.70233154 49.31213379
51.25704956 112.84124756 49.37384033
51.41386414 113.35446167 49.60186768
51.50582886 113.65545654 49.73565674
51.65557861 114.14550781 49.95343018
51.69195557 114.26458740 50.00634766
51.89122009 114.91668701 50.29620361
52.02563477 115.35662842 50.49169922
52.27441406 116.17080688 50.85351563
52.35324097 116.42877197 50.96820068
52.59494781 117.21984863 51.31976318
52.72329712 117.63989258 51.50646973
52.90942383 118.24902344 51.77722168
52.94061279 118.35107422 51.82250977
53.17625427 119.12228394 52.16528320
53.34704590 119.68124390 52.41375732
53.68071747 120.77328491 52.89910889
53.79592896 121.15032959 53.06665039
54.17912292 122.40441895 53.62402344
54.39237213 123.10232544 53.93420410
54.71998596 124.17449951 54.41076660
54.78755188 124.39562988 54.50903320
55.10809326 125.44464111 54.97521973
55.31526947 126.12268066 55.27661133
55.68532562 127.33380127 55.81481934
55.79534149 127.69384766 55.97485352
56.10980988 128.72302246 56.43231201
56.26934052 129.24511719 56.66436768
56.48664856 129.95629883 56.98046875
56.51338196 130.04379272 57.01928711
56.79371643 130.93881226 57.40368652
57.00727844 131.61846924 57.69427490
57.43879700 132.98907471 58.27850342
57.59510803 133.48416138 58.48870850
58.13624573 135.19421387 59.21228027
58.44374847 136.16485596 59.62231445
58.92764282 137.69036865 60.26550293
59.03489685 138.02725220 60.40679932
59.57987976 139.73345947 61.11883545
59.93975830 140.85900879 61.58782959
60.59434509 142.90469360 62.43920898
60.79554749 143.53256226 62.69995117
61.39290619 145.39364624 63.47094727
61.70372009 146.36099243 63.87103271
62.14241028 147.72439575 64.43377686
62.20761871 147.92568970 64.51599121
62.65081024 149.28460693 65.06518555
62.96548462 150.24810791 65.45373535
63.57119751 152.10083008 66.19964600
63.77570343 152.72540283 66.45043945
64.44252014 154.75881958 67.26519775
64.80956268 155.87722778 67.71276855
65.36622620 157.57174683 68.38977051
65.47631836 157.90579224 68.52252197
65.97572327 159.41577148 69.11914063
66.29370880 160.37594604 69.49780273
66.85421753 162.06661987 70.16320801
67.01668549 162.55557251 70.35498047
67.46704102 163.90728760 70.88269043
67.69059753 164.57696533 71.14324951
67.98544312 165.45748901 71.48406982
68.01460266 165.54254150 71.51568604
68.30943298 166.40203857 71.84075928
68.53298950 167.05371094 72.08782959
68.98335266 168.36645508 72.58630371
69.14581299 168.83996582 72.76647949
69.70632172 170.47363281 73.38916016
70.02429962 171.40036011 73.74267578
70.52371979 172.85586548 74.29846191
70.63381195 173.17669678 74.42126465
71.19046783 174.79876709 75.04394531
71.55751038 175.86828613 75.45483398
72.22431946 177.81130981 76.20172119
72.42883301 178.40719604 76.43103027
73.03455353 180.17205811 77.11108398
73.34922791 181.08886719 77.46459961
73.79241180 182.38009644 77.96307373
73.85762024 182.57003784 78.03674316
74.29630280 183.84774780 78.53527832
74.60711670 184.75299072 78.88879395
75.20447540 186.49273682 79.56878662
75.40568542 187.07873535 79.79809570
76.06027222 188.98504639 80.54498291
76.42015076 190.03308105 80.95581055
76.96513367 191.62014771 81.57849121
77.07239532 191.93243408 81.70135498
77.55628967 193.34136963 82.25708008
77.86379242 194.23669434 82.61065674
78.40492249 195.81219482 83.23327637
78.56124115 196.26727295 83.41345215
78.99275970 197.52349854 83.91192627
79.20631409 198.14517212 84.15899658
79.48664856 198.96118164 84.48413086
79.51337433 199.03894043 84.51568604
79.81472015 200.02301025 84.90905762
80.04627991 200.78872681 85.21459961
80.51681519 202.35708618 85.83984375
80.68857574 202.93566895 86.07019043
81.28672791 204.96734619 86.87817383
81.62767792 206.13018799 87.34045410
82.16601563 207.97473145 88.07318115
82.28650665 208.39286804 88.23901367
82.90394592 210.55960083 89.09722900
83.31269836 211.99864197 89.66693115
84.05775452 214.62870789 90.70782471
84.28762817 215.44401550 91.03027344
84.97287750 217.88693237 91.99591064
85.33036041 219.16554260 92.50115967
85.83673096 220.98471069 93.21960449
85.91327667 221.26538086 93.33013916
86.44215393 223.24211121 94.10711670
86.81893921 224.65579224 94.66247559
87.54599762 227.39132690 95.73687744
87.79240417 228.32238770 96.10235596
88.59855652 231.38012695 97.30212402
89.04314423 233.06997681 97.96496582
89.71892548 235.64508057 98.97485352
89.85359192 236.16249084 99.17749023
90.46956635 238.55044556 100.11212158
90.86287689 240.07989502 100.71051025
91.55795288 242.79006958 101.77050781
91.76042175 243.58364868 102.08068848
92.32512665 245.81120300 102.95080566
92.60669708 246.92695618 103.38641357
92.98056030 248.41860962 103.96826172
93.01943970 248.58143616 104.03149414
93.38279724 250.13088989 104.67639160
93.65537262 251.29617310 105.16601563
94.20057678 253.63101196 106.15319824
94.39532471 254.46704102 106.50964355
95.06188965 257.33401489 107.74072266
95.43849182 258.95544434 108.43945313
96.02723694 261.49316406 109.53741455
96.15528107 262.04690552 109.77978516
96.79483795 264.82128906 111.00701904
97.21498108 266.64556885 111.81652832
97.97590637 269.95208740 113.28771973
98.20798492 270.96197510 113.73919678
98.89109039 273.93920898 115.07720947
99.24453735 275.48126221 115.77258301
99.73957062 277.64410400 116.75256348
99.81044006 277.95593262 116.89721680
100.27396393 280.01077271 117.87268066
100.60039520 281.46017456 118.56420898
101.22497559 284.23675537 119.89385986
101.43389893 285.16729736 120.34204102
102.10929108 288.18054199 121.80096436
102.47927856 289.83282471 122.60333252
103.03715515 292.32714844 123.81890869
103.14535522 292.81286621 124.05847168
103.62541962 294.97796631 125.14086914
103.92869568 296.34799194 125.82910156
104.45957184 298.74972534 127.04077148
104.61132050 299.43832397 127.39111328
105.02467346 301.32113647 128.35949707
105.22723389 302.24639893 128.83911133
105.48906708 303.44778442 129.46954346
105.51094055 303.55224609 129.53027344
105.76226807 304.64334106 130.17126465
105.95581818 305.47406006 130.65991211
106.34967041 307.15203857 131.64770508
106.49370575 307.75958252 132.00573730
106.99606323 309.86196899 133.24597168
107.28262329 311.05645752 133.95086670
107.73546600 312.93563843 135.06054688
107.83705139 313.35192871 135.30670166
108.35870361 315.46585083 136.55847168
108.70424652 316.86151123 137.38525391
109.33440399 319.39981079 138.88940430
109.52899170 320.17984009 139.35192871
110.10963440 322.49499512 140.72552490
110.41272736 323.69937134 141.44042969
110.84240723 325.39886475 142.44970703
110.90761566 325.65118408 142.59997559
111.35980988 327.36416626 143.62280273
111.68219757 328.58013916 144.34924316
112.30463409 330.92034912 145.74792480
112.51576233 331.71029663 146.22033691
113.20701599 334.28527832 147.76123047
113.58838654 335.70245361 148.60949707
114.16838074 337.85137939 149.89630127
114.28414154 338.27615356 150.15100098
114.81461334 340.20193481 151.30718994
115.15353394 341.42782593 152.04357910
115.75282288 343.58834839 153.34191895
115.92756653 344.21429443 153.71844482
116.41558838 345.94879150 154.76281738
116.65915680 346.80953979 155.28137207
116.98300171 347.94412231 155.96582031
117.01701355 348.05590820 156.03393555
117.32510376 349.09594727 156.66583252
117.55516052 349.87564087 157.13940430
118.01392365 351.43457031 158.08624268
118.17709351 351.99108887 158.42419434
118.73361206 353.89501953 159.57995605
119.04745483 354.97039795 160.23272705
119.53708649 356.65115356 161.25280762
119.64292908 357.01638794 161.47448730
120.16857910 358.83926392 162.58007813
120.51329041 360.03649902 163.30615234
121.13668823 362.20434570 164.62084961
121.32632446 362.86529541 165.02160645
121.88284302 364.80999756 166.20056152
122.17022705 365.81594849 166.81036377
122.57165527 367.22436523 167.66394043
122.62835693 367.42565918 167.78588867
122.99377441 368.73953247 168.58093262
123.25028992 369.66442871 169.14056396
123.73991394 371.43359375 170.21081543
123.90309143 372.02508545 170.56860352
124.42874146 373.93634033 171.72436523
124.71612549 374.98306274 172.35729980
125.14842987 376.56091309 173.31127930
125.23158264 376.86660767 173.49597168
125.59700012 378.22131348 174.31420898
125.82705688 379.07672119 174.83081055
126.22849274 380.57354736 175.73461914
126.34252167 381.00109863 175.99267578
126.65060425 382.16448975 176.69470215
126.80065918 382.73416138 177.03833008
126.99272156 383.46963501 177.48168945
127.00729370 383.53039551 177.51812744
127.20986176 384.26062012 177.99304199
127.36891174 384.82577515 178.36364746
127.69650269 385.97943115 179.12408447
127.81825256 386.40307617 179.40527344
128.24819946 387.88565063 180.39465332
128.49497986 388.73272705 180.96142578
128.88761902 390.07379150 181.86132813
128.97738647 390.37622070 182.06591797
129.44592285 391.93594360 183.12854004
129.75775146 392.97045898 183.83483887
130.32862854 394.85910034 185.12634277
130.50613403 395.44342041 185.52703857
131.03970337 397.19058228 186.72912598
131.31956482 398.10382080 187.35876465
131.71881104 399.40078735 188.25537109
131.78118896 399.59924316 188.39428711
132.22546387 400.98623657 189.37646484
132.54389954 401.97665405 190.07946777
133.16108704 403.89102173 191.44042969
133.37167358 404.54150391 191.90393066
134.06474304 406.67453003 193.42761230
134.44822693 407.85235596 194.27001953
135.03344727 409.64544678 195.55438232
135.15156555 410.00454712 195.81286621
135.69947815 411.65615845 197.00781250
136.05099487 412.71273804 197.77355957
136.67478943 414.58300781 199.13122559
136.85797119 415.12951660 199.52917480
137.37390137 416.65985107 200.64746094
137.63296509 417.42504883 201.20806885
137.98056030 418.44531250 201.95855713
138.01943970 418.55468750 202.04119873
138.33552551 419.62225342 202.85998535
138.56758118 420.42794800 203.47918701
139.02499390 422.04608154 204.72430420
139.18501282 422.62731934 205.17236328
139.72328186 424.62588501 206.71533203
140.02462769 425.75769043 207.58978271
140.49085999 427.53182983 208.96166992
140.58914185 427.92068481 209.26312256
141.06567383 429.87683105 210.78295898
141.37583923 431.16461182 211.78417969
141.93321228 433.50122070 213.60186768
142.10079956 434.21618652 214.15869141
142.58613586 436.32830811 215.80529785
142.83456421 437.42373657 216.65985107
143.17732239 438.96301270 217.86193848
143.22268677 439.18698120 218.03771973
143.49340820 440.67675781 219.21276855
143.68009949 441.72973633 220.04431152
144.03167725 443.74987793 221.64074707
144.14633179 444.42846680 222.17761230
144.50819397 446.63064575 223.92199707
144.70370483 447.83963013 224.88024902
144.99354553 449.66741943 226.33007813
145.04646301 450.02508545 226.61450195
145.26426697 451.62841797 227.89331055
145.39804077 452.64501953 228.70489502
145.62612915 454.43035889 230.13159180
145.68786621 454.94403076 230.54284668
145.84393311 456.35498047 231.67492676
145.91596985 457.05065918 232.23400879
146.00000000 457.95867920 232.96582031
146.00000000 458.04132080 233.03381348
145.98950195 458.98611450 233.76562500
145.98049927 459.71331787 234.32470703
145.96098328 461.19253540 235.45684814
145.95326233 461.73321533 235.86804199
145.92475891 463.61834717 237.29473877
145.90803528 464.69348145 238.10638428
145.88081360 466.39208984 239.38513184
145.87419128 466.77291870 239.66955566
145.83796692 468.72750854 241.11938477
145.81352234 470.02200317 242.07763672
145.76829529 472.38250732 243.82202148
145.75396729 473.11123657 244.35888672
145.71002197 475.28521729 245.95532227
145.68667603 476.41989136 246.78674316
145.65283203 478.02807617 247.96191406
145.64717102 478.27191162 248.13769531
145.60432434 479.96115112 249.33984375
145.57327271 481.16525269 250.19445801
145.51260376 483.48971558 251.84106445
145.49165344 484.27801514 252.39782715
145.42198181 486.85845947 254.21545410
145.38320923 488.28195190 255.21667480
145.32363892 490.44656372 256.73657227
145.31135559 490.87841797 257.03802490
145.25308228 492.85653687 258.40997314
145.21540833 494.12017822 259.28442383
145.14813232 496.35424805 260.82745361
145.12812805 497.00549316 261.27551270
145.07095337 498.82373047 262.52062988
145.04194641 499.73095703 263.13983154
145.00244141 500.93682861 263.95855713
144.99757385 501.06317139 264.04113770
144.94230652 502.25851440 264.80737305
144.89979553 503.15673828 265.38153076
144.81335449 504.95547485 266.52911377
144.78176880 505.59899902 266.93859863
144.67172241 507.80456543 268.33898926
144.60897827 509.05148315 269.12988281
144.50985718 511.00238037 270.36572266
144.48765564 511.42761230 270.63415527
144.37373352 513.55596924 271.97277832
144.29830933 514.95507813 272.85180664
144.16078186 517.49023438 274.44335938
144.11834717 518.26422119 274.92846680
143.99176025 520.54473877 276.35534668
143.92568970 521.72552490 277.09326172
143.83209229 523.38092041 278.12622070
143.81791687 523.61907959 278.27355957
143.71980286 525.18444824 279.23449707
143.64988708 526.28802490 279.91064453
143.51493835 528.40136719 281.20373535
143.46919250 529.10913086 281.63598633
143.31944275 531.39996338 283.03198242
143.23684692 532.65570068 283.79638672
143.11126709 534.55072021 284.94842529
143.08622742 534.91925049 285.17144775
142.97158813 536.55957031 286.15875244
142.89836121 537.59704590 286.78198242
142.76892090 539.41491699 287.87219238
142.73120117 539.93560791 288.18347168
142.62593079 541.35760498 289.02972412
142.57342529 542.05584717 289.44384766
142.50364685 542.96112061 289.97796631
142.49635315 543.03887939 290.02172852
142.50537109 543.90216064 290.46661377
142.52038574 544.56433105 290.80419922
142.56141663 545.90832520 291.48461914
142.58158875 546.39813232 291.73022461
142.66598511 548.10192871 292.57812500
142.71817017 549.07250977 293.05926514
142.80772400 550.60394287 293.81518555
142.83229065 550.94604492 293.98193359
142.97842407 552.69610596 294.82604980
143.07913208 553.85412598 295.38275146
143.26863098 555.96398926 296.39428711
143.33036804 556.61444092 296.70458984
143.52502441 558.55200195 297.62414551
143.63012695 559.56225586 298.10205078
143.78582764 560.99224854 298.77532959
143.81417847 561.20770264 298.87457275
144.11018372 562.92285156 299.63262939
144.33555603 564.17749023 300.18310547
144.79077148 566.64453125 301.26013184
144.95559692 567.50445557 301.63275146
145.52593994 570.38824463 302.87438965
145.84999084 572.00006104 303.56604004
146.35978699 574.48913574 304.62976074
146.47271729 575.01080322 304.84997559
147.17298889 577.95477295 306.06414795
147.66029358 579.95654297 306.88464355
148.58436584 583.68518066 308.40563965
148.88912964 584.87933350 308.88873291
150.09684753 589.37811279 310.68188477
150.82727051 592.04010010 311.73571777
152.49162292 597.89471436 314.02740479
154.00000000 603.00000000 316.00000000
