196.00000000 0.00000000 0.00000000
195.41984558 2.78472900 1.16027832
194.78939819 5.93377686 2.51037598
194.51678467 7.34768677 3.13220215
194.07028198 9.71911621 4.19097900
193.96018982 10.33786011 4.47674561
193.63110352 12.25109863 5.37725830
193.45910645 13.27227783 5.86340332
193.21490479 14.76300049 6.58325195
193.17758179 15.01956177 6.71411133
193.01493835 16.22412109 7.34729004
192.91285706 17.00003052 7.75921631
192.73524475 18.38177490 8.49890137
192.68507385 18.79025269 8.72106934
192.55055237 19.95013428 9.36364746
192.48541260 20.53582764 9.69226074
192.40280151 21.32824707 10.14514160
192.39712524 21.42181396 10.20471191
192.37680054 22.02072144 10.60955811
192.36503601 22.44049072 10.89703369
192.34616089 23.24090576 11.45043945
192.34175110 23.50714111 11.63726807
192.33319092 24.36346436 12.24658203
192.33024597 24.83117676 12.58203125
192.32904053 25.53399658 13.09082031
192.33091736 25.66867065 13.19146729
192.35026550 26.25762939 13.64813232
192.36497498 26.62777710 13.93896484
192.39462280 27.27270508 14.45153809
192.40533447 27.45532227 14.60015869
192.44232178 27.94671631 15.01220703
192.46331787 28.18530273 15.21673584
192.49632263 28.48913574 15.48657227
192.50361633 28.51101685 15.51330566
192.43157959 29.02496338 15.87243652
192.36253357 29.44360352 16.15350342
192.20445251 30.32516479 16.73132324
192.13798523 30.66210938 16.94549561
191.88252258 31.87728882 17.70043945
191.73001099 32.58187866 18.13342285
191.47711182 33.71533203 18.82147217
191.41285706 33.98229980 18.97833252
191.04934692 35.40966797 19.79504395
190.80201721 36.36614990 20.33819580
190.34111023 38.12713623 21.33203125
190.19338989 38.68005371 21.64074707
189.73504639 40.35937500 22.56768799
189.48991394 41.24584961 23.05352783
189.13117981 42.52154541 23.74603271
189.06881714 42.72851563 23.85375977
188.58401489 44.25183105 24.61828613
188.23083496 45.35058594 25.16583252
187.53840637 47.48974609 26.22650146
187.29806519 48.22454834 26.58813477
186.49501038 50.65759277 27.77746582
186.04702759 52.00823975 28.43530273
185.35679626 54.07739258 29.43872070
185.21316528 54.50030518 29.64099121
184.52551270 56.48773193 30.57745361
184.07972717 57.76837158 31.17797852
183.28146362 60.04974365 32.24310303
183.04301453 60.72454834 32.55554199
182.35755920 62.64196777 33.43475342
182.00848389 63.61068726 33.87585449
181.53036499 64.92230225 34.46704102
181.46961975 65.07781982 34.53271484
180.89694214 66.49975586 35.13439941
180.46684265 67.56301880 35.58447266
179.60581970 69.68530273 36.48315430
179.29791260 70.44110107 36.80334473
178.24302673 73.02185059 37.89697266
177.64675903 74.47808838 38.51422119
176.71408081 76.75140381 39.47796631
176.51089478 77.24377441 39.68682861
175.49459839 79.69332886 40.72644043
174.82667542 81.30056763 41.40869141
173.61653137 84.20855713 42.64331055
173.24719238 85.09387207 43.01922607
172.15924072 87.69445801 44.12390137
171.59605408 89.03823853 44.69482422
170.80668640 90.91687012 45.49316406
170.69328308 91.18334961 45.60656738
169.94894409 92.90893555 46.34191895
169.42433167 94.12145996 46.85882568
168.41998291 96.43780518 47.84643555
168.08372498 97.21063232 48.17608643
166.99577332 99.70318604 49.23962402
166.39950562 101.06677246 49.82153320
165.49989319 103.11962891 50.69781494
165.32505798 103.51556396 50.86694336
164.54763794 105.26095581 51.61334229
164.05612183 106.36108398 52.08392334
163.19509888 108.28271484 52.90618896
162.94860840 108.82968140 53.14038086
162.27593994 110.31158447 53.77539063
161.94583130 111.03482056 54.08544922
161.51820374 111.96359253 54.48406982
161.48175049 112.03649902 54.51568604
161.09614563 112.79721069 54.80401611
160.80206299 113.37637329 55.01959229
160.20741272 114.54617310 55.44976807
159.99179077 114.96969604 55.60290527
159.24481201 116.43511963 56.12579346
158.82017517 117.26770020 56.42083740
158.15165710 118.57748413 56.88134766
158.00329590 118.86761475 56.98101807
157.24859619 120.34075928 57.47686768
156.75009155 121.31332397 57.80218506
155.84307861 123.08212280 58.39074707
155.56414795 123.62567139 58.56988525
154.73558044 125.23883057 59.09606934
154.30432129 126.07803345 59.36798096
153.69534302 127.26214600 59.74804688
153.60462952 127.43792725 59.80187988
152.98663330 128.63104248 60.15032959
152.54766846 129.47796631 60.39520264
151.70237732 131.10784912 60.86285400
151.41683960 131.65798950 61.01885986
150.48536682 133.45123291 61.52185059
149.97253418 134.43817139 61.79705811
149.19450378 135.93463135 62.21124268
149.04046631 136.23043823 62.29107666
148.34089661 137.57128906 62.64288330
147.89530945 138.42480469 62.86462402
147.10957336 139.92901611 63.25177002
146.88166809 140.36480713 63.36193848
146.24935913 141.57226563 63.66027832
145.93527222 142.17141724 63.80578613
145.52064514 142.96115112 63.99261475
145.47933960 143.03890991 64.00720215
144.98066711 144.22778320 64.27807617
144.59455872 145.16909790 64.49560547
143.80618286 147.11785889 64.95007324
143.51654053 147.84692383 65.12194824
142.50270081 150.43460083 65.73718262
141.92333984 151.92352295 66.09271240
141.00596619 154.29895020 66.66235352
140.79901123 154.84609985 66.79510498
139.73115540 157.71929932 67.49914551
139.02279663 159.63488770 67.96978760
137.72946167 163.14700317 68.83465576
137.32925415 164.24179077 69.10534668
136.13238525 167.54168701 69.92456055
135.50672913 169.27536011 70.35614014
134.61801147 171.75439453 70.97534180
134.48193359 172.14562988 71.07458496
133.53021240 174.95782471 71.79736328
132.85050964 176.97705078 72.31762695
131.53660583 180.89562988 73.32910156
131.09008789 182.23516846 73.67584229
129.62570190 186.65151978 74.82177734
128.81701660 189.09741211 75.45727539
127.58580017 192.83407593 76.42968750
127.33915710 193.59100342 76.62768555
126.20440674 197.11544800 77.55438232
125.47841644 199.37942505 78.15075684
124.19317627 203.40161133 79.21191406
123.81753540 204.58523560 79.52508545
122.76548004 207.92773438 80.41271973
122.23934937 209.60913086 80.86035156
121.53765106 211.87124634 81.46472168
121.46232605 212.12884521 81.53521729
120.83415985 214.40670776 82.12908936
120.37105560 216.10162354 82.56768799
119.45555115 219.47338867 83.43579102
119.13393402 220.66857910 83.74121094
118.04827881 224.73353577 84.77386475
117.43933105 227.02259827 85.35351563
116.49516296 230.58786011 86.25305176
116.29481506 231.35473633 86.44439697
115.31720734 235.14572144 87.38055420
114.67959595 237.62828064 87.99157715
113.53182983 242.11245728 89.09234619
113.18564606 243.47351074 89.42474365
112.17936707 247.45797729 90.39233398
111.66302490 249.51220703 90.88928223
110.94818115 252.37518311 91.57818604
110.85179138 252.77490234 91.67175293
110.26298523 255.31823730 92.24810791
109.85469055 257.09848022 92.64855957
109.08251953 260.48937988 93.40710449
108.82894897 261.61557007 93.65679932
108.02333069 265.23217773 94.45202637
107.58636475 267.20593262 94.88397217
106.93546295 270.16848755 95.52844238
106.81449890 270.73406982 95.64892578
106.30508423 273.19692993 96.16027832
105.98940277 274.74237061 96.47802734
105.44654846 277.43093872 97.02600098
105.29692078 278.19000244 97.17791748
104.90878296 280.22454834 97.57513428
104.72571564 281.20935059 97.76367188
104.50363159 282.45751953 97.99505615
104.49633789 282.54257202 98.00476074
104.38455200 283.58587646 98.15203857
104.29602814 284.39511108 98.26855469
104.11272430 286.04922485 98.50970459
104.04412842 286.65780640 98.59985352
103.80065155 288.79040527 98.91973877
103.66053772 290.00979614 99.10375977
103.43699646 291.94174194 99.39727783
103.38549042 292.37832642 99.46484375
103.11499786 294.63439941 99.81945801
102.93464661 296.13159180 100.05590820
102.60397339 298.86614990 100.48925781
102.50089264 299.71289063 100.62432861
102.19015503 302.24679565 101.03137207
102.02689362 303.57199097 101.24511719
101.79342651 305.45544434 101.55078125
101.75657654 305.74462891 101.59899902
101.49159241 307.77209473 101.94512939
101.30131531 309.22079468 102.19366455
100.93205261 312.02224731 102.67590332
100.80581665 312.97479248 102.84069824
100.38960266 316.10040283 103.38403320
100.15908813 317.82690430 103.68493652
99.80691528 320.45635986 104.14459229
99.73556519 320.98370361 104.23767090
99.40332794 323.41247559 104.67089844
99.18990326 324.96701050 104.94915771
98.81072235 327.71997070 105.44354248
98.69913483 328.52508545 105.58898926
98.38398743 330.78192139 105.99969482
98.22544861 331.91119385 106.20629883
98.01213837 333.41860962 106.48413086
97.98783875 333.58142090 106.51568604
97.73251343 335.06259155 106.81976318
97.53795624 336.16937256 107.04882813
97.14477539 338.37741089 107.50817871
97.00231934 339.16326904 107.67297363
96.50908661 341.84490967 108.23858643
96.22877502 343.35766602 108.55865479
95.78763580 345.71838379 109.05999756
95.68983459 346.22915649 109.16967773
95.19274902 348.76806641 109.71984863
94.86447144 350.43347168 110.08178711
94.26732635 353.44598389 110.73822021
94.08376312 354.36270142 110.93884277
93.53871155 357.05429077 111.53100586
93.25509644 358.44464111 111.83789063
92.85475159 360.38751221 112.26867676
92.79521179 360.66253662 112.33105469
92.39036560 362.43884277 112.74377441
92.10289001 363.68640137 113.03521729
91.54948425 366.06866455 113.59387207
91.36260986 366.86297607 113.78131104
90.75325012 369.42340088 114.38885498
90.41781616 370.82366943 114.72216797
89.90906525 372.93081665 115.22570801
89.80842590 373.33670044 115.32403564
89.35176086 375.12292480 115.76330566
89.06097412 376.24813843 116.04150391
88.54835510 378.21252441 116.52954102
88.39974976 378.77111816 116.66967773
87.98773956 380.28228760 117.05383301
87.78318787 381.01898193 117.24291992
87.51335907 381.96356201 117.48901367
87.48662567 382.03643799 117.51086426
87.20629120 382.83395386 117.73596191
86.99273682 383.44464111 117.90698242
86.56121063 384.68267822 118.25207520
86.40489197 385.13320923 118.37683105
85.86376190 386.69842529 118.80786133
85.55625916 387.58953857 119.05261230
85.07236481 388.99462891 119.43737793
84.96510315 389.30789185 119.52246094
84.42012024 390.90783691 119.95355225
84.06024170 391.96597290 120.23797607
83.40565491 393.89309692 120.75506592
83.20445251 394.48678589 120.91381836
82.60709381 396.25378418 121.38458252
82.29627991 397.17462158 121.62933350
81.85758972 398.47720337 121.97442627
81.79238129 398.67282104 122.02551270
81.34918976 400.01589966 122.37060547
81.03452301 400.97149658 122.61535645
80.42880249 402.81372070 123.08605957
80.22428894 403.43719482 123.24487305
79.55747986 405.47427368 123.76184082
79.19044495 406.59689331 124.04632568
78.63378906 408.30187988 124.47741699
78.52369690 408.64065552 124.56237793
78.02427673 410.18548584 124.94720459
77.70629883 411.17083740 125.19195557
77.14578247 412.91055298 125.62304688
76.98332214 413.41635132 125.74780273
76.53296661 414.82391357 126.09283447
76.30940247 415.52459717 126.26385498
76.01456451 416.45263672 126.48889160
75.98540497 416.54739380 126.51086426
75.59077454 417.95336914 126.85144043
75.28168488 419.06372070 127.12152100
74.64599609 421.35888672 127.68121338
74.41021729 422.21585083 127.89086914
73.57884216 425.25283813 128.63562012
73.10202026 426.99902344 129.06427002
72.34395599 429.78262329 129.74853516
72.17102051 430.42239380 129.90637207
71.27018738 433.77578735 130.73596191
70.67098236 436.01037598 131.28918457
69.57444763 440.10559082 132.30383301
69.23377991 441.38116455 132.62023926
68.21057129 445.22299194 133.57446289
67.67420197 447.24038696 134.07592773
66.90953064 450.12319946 134.79321289
66.79045868 450.57681274 134.90661621
65.94474792 453.82876587 135.72302246
65.33892822 456.16259766 136.30932617
64.16522217 460.68997192 137.44744873
63.76501465 462.23678589 137.83666992
62.44853973 467.33398438 139.12011719
61.72033691 470.15618896 139.83105469
60.60947418 474.46636963 140.91735840
60.38551331 475.33862305 141.13751221
59.34796906 479.39541626 142.16333008
58.68260956 482.00042725 142.82244873
57.50229263 486.62704468 143.99365234
57.15594864 487.98770142 144.33837891
56.18124771 491.82730103 145.31243896
55.69213104 493.75775146 145.80261230
55.03644562 496.35296631 146.46228027
54.96354675 496.64700317 146.53759766
54.31311035 499.21072388 147.18676758
53.82849884 501.11416626 147.66784668
52.86354828 504.89526367 148.62237549
52.52106476 506.23272705 148.95941162
51.35500336 510.77380371 150.10211182
50.69800568 513.32867432 150.74450684
49.67407227 517.30383301 151.74316406
49.45341492 518.15618896 151.95678711
48.36067200 522.35766602 153.00683594
47.64469147 525.10656738 153.69323730
46.35083008 530.06811523 154.93151855
45.95779037 531.57189941 155.30627441
44.80606079 535.96746826 156.40045166
44.21190262 538.23126221 156.96350098
43.38311386 541.38171387 157.74603271
43.26687622 541.81829834 157.85375977
42.52362442 544.57257080 158.52825928
42.00278473 546.49682617 158.99865723
41.00990677 550.15661621 159.89215088
40.67970657 551.36938477 160.18762207
39.61801529 555.25555420 161.13256836
39.03819275 557.37384033 161.64703369
38.16714096 560.54852295 162.41711426
38.00035095 561.15142822 162.56262207
37.27143097 563.76019287 163.18865967
36.81343460 565.39337158 163.57971191
36.01569748 568.22851563 164.25708008
35.78992081 569.02545166 164.44665527
35.18282700 571.14910889 164.94909668
34.88823700 572.17248535 165.19018555
34.51336288 573.45989990 165.49133301
34.48663330 573.54010010 165.50830078
34.20104599 574.47039795 165.71490479
33.98298645 575.18756104 165.87500000
33.54170990 576.64794922 166.20190430
33.38153458 577.18249512 166.32208252
32.82614899 579.04827881 166.74291992
32.51028061 580.11291504 166.98339844
32.01277924 581.79602051 167.36437988
31.90221214 582.17401123 167.45031738
31.33911133 584.11688232 167.89428711
30.96701813 585.40423584 168.18884277
30.28980637 587.75250244 168.72668457
30.08143616 588.47796631 168.89318848
29.46210670 590.64355469 169.39111328
29.13962555 591.77435303 169.65148926
28.68401718 593.37805176 170.02148438
28.61597633 593.62188721 170.07812500
28.15136528 595.31561279 170.47509766
27.82116699 596.52362061 170.75866699
27.18511581 598.85644531 171.30676270
26.97012901 599.64801025 171.49304199
26.26847839 602.24066162 172.10424805
25.88205338 603.67138672 172.44177246
25.29561615 605.84765625 172.95574951
25.17938042 606.28234863 173.05877686
24.65082359 608.27593994 173.53289795
24.31401062 609.55004883 173.83630371
23.71985626 611.80352783 174.37347412
23.54739380 612.46093750 174.53051758
23.06844711 614.29797363 174.97045898
22.83038712 615.21520996 175.19049072
22.51579285 616.43560791 175.48406982
22.48420334 616.56439209 175.51574707
22.19587326 617.78997803 175.81451416
21.98031998 618.71166992 176.03900146
21.55014610 620.55853271 176.48864746
21.39697647 621.21978760 176.64953613
20.87410164 623.48748779 177.20092773
20.57909012 624.76995850 177.51269531
20.11859894 626.77722168 178.00048828
20.01890182 627.21520996 178.10681152
19.52303696 629.40960693 178.63885498
19.19770813 630.85247803 178.98864746
18.60914040 633.46777344 179.62243652
18.42998505 634.26654053 179.81597900
17.90380096 636.62133789 180.38610840
17.63194275 637.84100342 180.68127441
17.25193214 639.55163574 181.09509277
17.19806671 639.79833984 181.15460205
16.84957123 641.42346191 181.54589844
16.60472298 642.56976318 181.82183838
16.13706398 644.76568604 182.35009766
15.98106003 645.50158691 182.52709961
15.47802925 647.88470459 183.09973145
15.20286369 649.19146729 183.41369629
14.78867626 651.16418457 183.88751221
14.70882416 651.54833984 183.97961426
14.35701942 653.26049805 184.38977051
14.13532448 654.34399414 184.64910889
13.74814796 656.24340820 185.10357666
13.63797665 656.78796387 185.23376465
13.33964348 658.27691650 185.58923340
13.19410038 659.00860596 185.76385498
13.00728989 659.95867920 185.99017334
12.99271011 660.04125977 186.00964355
12.82165623 661.03332520 186.12561035
12.68961906 661.80108643 186.20562744
12.42054749 663.36804199 186.35632324
12.32195282 663.94348145 186.40539551
11.97754383 665.95690918 186.56054688
11.78093147 667.10729980 186.64428711
11.46996498 668.92846680 186.76855469
11.40003586 669.33905029 186.79125977
11.04019165 671.45666504 186.88458252
10.80168438 672.86114502 186.94195557
10.36650276 675.42517090 187.03973389
10.23199749 676.21838379 187.06616211
9.83025932 678.59014893 187.13305664
9.62041664 679.82983398 187.16394043
9.32268047 681.59033203 187.19995117
9.27732086 681.85961914 187.19995117
8.90905476 684.06207275 187.12194824
8.63875866 685.68054199 187.05505371
8.10603714 688.87304688 186.91015625
7.91971445 689.99096680 186.85278320
7.29309654 693.75451660 186.64093018
6.94231749 695.86248779 186.51672363
6.39967346 699.12554932 186.31445313
6.28532887 699.81445313 186.26531982
5.63356781 703.75476074 185.91821289
5.18925953 706.44335938 185.66967773
4.35999489 711.46478271 185.18884277
4.09350586 713.08032227 185.02502441
3.08346272 719.21618652 184.34191895
2.48420143 722.85998535 183.92016602
1.16029167 730.92224121 182.92822266
0.00000000 738.00000000 182.00000000
