0.00000000 0.00000000 0.00000000
3.71295166 7.07781982 2.08850098
7.88537598 15.07174683 4.47253418
9.74810791 18.65698242 5.55212402
12.86126709 24.66610718 7.37219238
13.66696167 26.23150635 7.85260010
16.14666748 31.06762695 9.34814453
17.46646118 33.64746094 10.14953613
19.38601685 37.41088867 11.32543945
19.71154785 38.05676270 11.53192139
21.22702026 41.08435059 12.51232910
22.20043945 43.03344727 13.14617920
23.92968750 46.50299072 14.27862549
24.43850708 47.52777100 14.61547852
25.87512207 50.43457031 15.57873535
26.59774780 51.90136719 16.06762695
27.56976318 53.88385010 16.73382568
27.68035889 54.11630249 16.81604004
28.37173462 55.59832764 17.35626221
28.85382080 56.63613892 17.73706055
29.76928711 58.61352539 18.46624756
30.07192993 59.27062988 18.71044922
31.03948975 61.38177490 19.50073242
31.56622314 62.53424072 19.93395996
32.35433960 64.26464844 20.58764648
32.50317383 64.59539795 20.71472168
33.14276123 66.03771973 21.28027344
33.54214478 66.94323730 21.63793945
34.23382568 68.51934814 22.26458740
34.42730713 68.96475220 22.44403076
34.93957520 70.16012573 22.93408203
35.18518066 70.73931885 23.17468262
35.49154663 71.47454834 23.48657227
35.50854492 71.52557373 23.51330566
35.74136353 72.05075073 23.76733398
35.92391968 72.44985962 23.95837402
36.29962158 73.25503540 24.34112549
36.43908691 73.54608154 24.47814941
36.93115234 74.55194092 24.94799805
37.21350098 75.12304688 25.21368408
37.66250610 76.02084351 25.62951660
37.76501465 76.21929932 25.72027588
38.29959106 77.22512817 26.17468262
38.65524292 77.88882446 26.47344971
39.30618286 79.09533691 27.01495361
39.50848389 79.46578979 27.18029785
40.11633301 80.56423950 27.66778564
40.43505859 81.13531494 27.92028809
40.88958740 81.94049072 28.27435303
40.96044922 82.05957031 28.32537842
41.46447754 82.86477661 28.66149902
41.82565308 83.43588257 28.89849854
42.52548218 84.53433228 29.35253906
42.76416016 84.90478516 29.50469971
43.54953003 86.11126709 29.99731445
43.98400879 86.77496338 30.26745605
44.64691162 87.78082275 30.67517090
44.78063965 87.97924805 30.75451660
45.40045166 88.87707520 31.10827637
45.79800415 89.44818115 31.33209229
46.50332642 90.45401001 31.72436523
46.71038818 90.74505615 31.83679199
47.29324341 91.55026245 32.14422607
47.58581543 91.94937134 32.29528809
47.97817993 92.47451782 32.49139404
48.02191162 92.52554321 32.50842285
48.44052124 93.01394653 32.69921875
48.75558472 93.38156128 32.84576416
49.38720703 94.11846924 33.14337158
49.61355591 94.38250732 33.25195313
50.39019775 95.28857422 33.63000488
50.82952881 95.80111694 33.84545898
51.51739502 96.60363770 34.18560791
51.66766357 96.77893066 34.26165771
52.42111206 97.65802002 34.65130615
52.91668701 98.23617554 34.90917969
53.81512451 99.28436279 35.37921143
54.08966064 99.60461426 35.52416992
54.89935303 100.54925537 35.95629883
55.31887817 101.03869629 36.18164063
55.90753174 101.72546387 36.50079346
55.99255371 101.82467651 36.54895020
56.55419922 102.47991943 36.88165283
56.95056152 102.94232178 37.11859131
57.71008301 103.82843018 37.57574463
57.96478271 104.12554932 37.73065186
58.78991699 105.08819580 38.23730469
59.24249268 105.61621094 38.51672363
59.92593384 106.41357422 38.94140625
60.05914307 106.56903076 39.02593994
60.65386963 107.26287842 39.41259766
61.03036499 107.70211792 39.65948486
61.69067383 108.47247314 40.09570313
61.88012695 108.69354248 40.22271729
62.39877319 109.29858398 40.57690430
62.65383911 109.59616089 40.75341797
62.98544312 109.98303223 40.98773193
63.01461792 110.01705933 41.01202393
63.32522583 110.48797607 41.29364014
63.56227112 110.85757446 41.51068115
64.04188538 111.61871338 41.95263672
64.21591187 111.90151978 42.11437988
64.81919861 112.89999390 42.67889404
65.16226196 113.47302246 43.00097656
65.70251465 114.38464355 43.51025391
65.82254028 114.59301758 43.62457275
66.43353271 115.68020630 44.21221924
66.83721924 116.40371704 44.60162354
67.57188416 117.72824097 45.31188965
67.79789734 118.14001465 45.53125000
68.46954346 119.37768555 46.18615723
68.81921387 120.02679443 46.52807617
69.31315613 120.95275879 47.01306152
69.38687134 121.09735107 47.08673096
69.88981628 122.12686157 47.59863281
70.24720764 122.86468506 47.96374512
70.93557739 124.29467773 48.66882324
71.16819763 124.78253174 48.90808105
71.92730713 126.38809204 49.69165039
72.34533691 127.27642822 50.12402344
72.97967529 128.63198853 50.78167725
73.10536194 128.90557861 50.91302490
73.67666626 130.17434692 51.51538086
74.04067993 130.98828125 51.90032959
74.68272400 132.43258667 52.58117676
74.86904907 132.85662842 52.77978516
75.38632202 134.05096436 53.33471680
75.64340210 134.65060425 53.61181641
75.98300171 135.45507813 53.98040771
76.01702881 135.54498291 54.01928711
76.38288879 136.41772461 54.40368652
76.66246033 137.07589722 54.69427490
77.22851563 138.39703369 55.27850342
77.43412781 138.87127686 55.48864746
78.14746094 140.50091553 56.21228027
78.55328369 141.42352295 56.62231445
79.19267273 142.86923218 57.26550293
79.33489990 143.18579102 57.40679932
80.05981445 144.77685547 58.11877441
80.53894043 145.82406616 58.58776855
81.41111755 147.72363281 59.43920898
81.67956543 148.30462646 59.69995117
82.47778320 150.02029419 60.47094727
82.89352417 150.90985107 60.87109375
83.48107910 152.15933228 61.43377686
83.56896973 152.34075928 61.51599121
84.17004395 153.54519653 62.06518555
84.59735107 154.39614868 62.45373535
85.42065430 156.02819824 63.19970703
85.69903564 156.57614136 63.45050049
86.60787964 158.35351563 64.26525879
87.10852051 159.32904053 64.71276855
87.86843872 160.80343628 65.38983154
88.01916504 161.09167480 65.52258301
88.70510864 162.38208008 66.11920166
89.14233398 163.19995117 66.49780273
89.91381836 164.63574219 67.16326904
90.13784790 165.04852295 67.35498047
90.76040649 166.18133545 67.88269043
91.06999207 166.73950195 68.14324951
91.47937012 167.46722412 68.48413086
91.52067566 167.53283691 68.51568604
91.95631409 168.22903442 68.85656738
92.28840637 168.76016235 69.11706543
92.95974731 169.83441162 69.64477539
93.20309448 170.22409058 69.83654785
94.04586792 171.57434082 70.50201416
94.52490234 172.34204102 70.88061523
95.27890015 173.55084229 71.47729492
95.44616699 173.81921387 71.61004639
96.29664612 175.18490601 72.28704834
96.85836792 176.08712769 72.73455811
97.88027954 177.72879028 73.54931641
98.19451904 178.23373413 73.80017090
99.12770081 179.73391724 74.54602051
99.61334229 180.51486206 74.93457031
100.29901123 181.61779785 75.48376465
100.40106201 181.78222656 75.56604004
101.09573364 182.90316772 76.12872314
101.58909607 183.69952393 76.52880859
102.53900146 185.23318481 77.29980469
102.85983276 185.75134277 77.56054688
103.90618896 187.44190979 78.41192627
104.48223877 188.37280273 78.88098145
105.35606384 189.78515625 79.59301758
105.52899170 190.06486511 79.73431396
106.31405640 191.33575439 80.37750244
106.81404114 192.14535522 80.78753662
107.69558716 193.57315063 81.51110840
107.95120239 193.98739624 81.72131348
108.66021729 195.13699341 82.30554199
109.01231384 195.70812988 82.59613037
109.47695923 196.46237183 82.98046875
109.52310181 196.53768921 83.01934814
109.98249817 197.29193115 83.38793945
110.33010864 197.86306763 83.66497803
111.02935791 199.01268005 84.21997070
111.28111267 199.42691040 84.41857910
112.14839172 200.85470581 85.09936523
112.64001465 201.66430664 85.48437500
113.41146851 202.93518066 86.08666992
113.58110046 203.21488953 86.21801758
114.43681335 204.62725830 86.87573242
115.00064087 205.55815125 87.30810547
116.02439880 207.24871826 88.09161377
116.33805847 207.76689148 88.33087158
117.26599121 209.30053711 89.03594971
117.74768066 210.09690857 89.40106201
118.42543030 211.21783447 89.91302490
118.52465820 211.38226318 89.98675537
119.18888855 212.48519897 90.47167969
119.65901184 213.26611328 90.81365967
120.56184387 214.76632690 91.46856689
120.86558533 215.27127075 91.68798828
121.85267639 216.91296387 92.39819336
122.39501953 217.81515503 92.78753662
123.21571350 219.18084717 93.37518311
123.37683105 219.44921875 93.48956299
124.10169983 220.65798950 93.99877930
124.56190491 221.42570496 94.32086182
125.37103271 222.77597046 94.88537598
125.60437012 223.16561890 95.04711914
126.24711609 224.23988342 95.48907471
126.56469727 224.77102661 95.70617676
126.98057556 225.46722412 95.98773193
127.01947021 225.53283691 96.01202393
127.44583130 226.25531006 96.28839111
127.77243042 226.80895996 96.50097656
128.43467712 227.93200684 96.93316650
128.67572021 228.34095764 97.09106445
129.51336670 229.76248169 97.64129639
129.99029541 230.57199097 97.95507813
130.74240112 231.84884644 98.45068359
130.91015625 232.13375854 98.56170654
131.76708984 233.59002686 99.13122559
132.33386230 234.55332947 99.50842285
133.36618042 236.30809021 100.19604492
133.68424988 236.84887695 100.40820313
134.63104248 238.45892334 101.04113770
135.12449646 239.29818726 101.37145996
135.82257080 240.48571777 101.83947754
135.92745972 240.66433716 101.91033936
136.64805603 241.89236450 102.40087891
137.16081238 242.76638794 102.75048828
138.14939880 244.45169067 103.42523193
138.48400879 245.02223206 103.65399170
139.57742310 246.88697815 104.40270996
140.18002319 247.91479492 104.81567383
141.09530640 249.47607422 105.44354248
141.27722168 249.78649902 105.56872559
142.10696411 251.20306396 106.14196777
142.63626099 252.10684204 106.50805664
143.57081604 253.70285034 107.15527344
143.84259033 254.16708374 107.34387207
144.59899902 255.45962524 107.87023926
144.97560120 256.10327148 108.13281250
145.47450256 256.95626831 108.48168945
145.52554321 257.04373169 108.51812744
146.01918030 257.98602295 108.94049072
146.39128113 258.70623779 109.26611328
147.13793945 260.16458130 109.92901611
147.40585327 260.69439697 110.17163086
148.32615662 262.53277588 111.01843262
148.84709167 263.57867432 111.50158691
149.66320801 265.22668457 112.26538086
149.84181213 265.59332275 112.43688965
150.73898315 267.46258545 113.31842041
151.32936096 268.69812012 113.90246582
152.40016174 270.94732666 114.96777344
152.72760010 271.63970947 115.29687500
153.69422913 273.69854736 116.27929688
154.19531250 274.77093506 116.79217529
154.89898682 276.28662109 117.51959229
155.00103760 276.51342773 117.63012695
155.67770386 278.06512451 118.39807129
156.15563965 279.16836548 118.94573975
157.07209778 281.29409790 120.00335693
157.37968445 282.01293945 120.36218262
158.37716675 284.35992432 121.53747559
158.92456055 285.65277100 122.18603516
159.75170898 287.61535645 123.17260742
159.91331482 288.00469971 123.36962891
160.63627625 289.77688599 124.27313232
161.09436035 290.90658569 124.85058594
161.89836121 292.90002441 125.87182617
162.12942505 293.47900391 126.16973877
162.76307678 295.08801270 127.00219727
163.07516479 295.88824463 127.41778564
163.48178101 296.94653320 127.97070313
163.51824951 297.05346680 128.02905273
163.89335632 298.04351807 128.57666016
164.17842102 298.78518677 128.98779297
164.75355530 300.26742554 129.81042480
164.96145630 300.79623413 130.10449219
165.67993164 302.60437012 131.11151123
166.08786011 303.62536621 131.68054199
166.72914124 305.22058105 132.57049561
166.87089539 305.56695557 132.76422119
167.58935547 307.29403687 133.73260498
168.06343079 308.42803955 134.36889648
168.92521667 310.48101807 135.52160645
169.18980408 311.10665894 135.87329102
169.97441101 312.94674683 136.90893555
170.38233948 313.89831543 137.44494629
170.95747375 315.23004150 138.19598389
171.04252625 315.41998291 138.30371094
171.61767578 316.65719604 139.00970459
172.02560425 317.52770996 139.50714111
172.81021118 319.19219971 140.45916748
173.07481384 319.74844360 140.77777100
173.93661499 321.54479980 141.80828857
174.41067505 322.52832031 142.37298584
175.12913513 324.01037598 143.22473145
175.27087402 324.29718018 143.39001465
175.91217041 325.56634521 144.12475586
176.32009888 326.36740112 144.58911133
177.03855896 327.76843262 145.40222168
177.24645996 328.16821289 145.63482666
177.82159424 329.25494385 146.26916504
178.10667419 329.78659058 146.58026123
178.48178101 330.47204590 146.98291016
178.51824951 330.52795410 147.01696777
178.88284302 331.13464355 147.37756348
179.15890503 331.59875488 147.65258789
179.71453857 332.53918457 148.20886230
179.91471863 332.88110352 148.41064453
180.60467529 334.06826782 149.10974121
180.99588013 334.74392700 149.50714111
181.60995483 335.80889893 150.13293457
181.74508667 336.04611206 150.27185059
182.42732239 337.25643921 150.97863770
182.87695313 338.05667114 151.44549561
183.69351196 339.51376343 152.29504395
183.94378662 339.96249390 152.55633545
184.68444824 341.29739380 153.33258057
185.06903076 341.99288940 153.73669434
185.61033630 342.97631836 154.30731201
185.68971252 343.12371826 154.39233398
186.22200012 344.13412476 154.97198486
186.59887695 344.85278320 155.38378906
187.32281494 346.23785400 156.17681885
187.56646729 346.70642090 156.44470215
188.35858154 348.23684692 157.31872559
188.79388428 349.08007813 157.79998779
189.45278931 350.36041260 158.53009033
189.58226013 350.61462402 158.67468262
190.16525269 351.77276611 159.33148193
190.53550720 352.51126099 159.74987793
191.18667603 353.81475830 160.48773193
191.37457275 354.19354248 160.70178223
191.89254761 355.24694824 161.29577637
192.14862061 355.77105713 161.59082031
192.48422241 356.46478271 161.98040771
192.51580811 356.53524780 162.01928711
192.84616089 357.32873535 162.41418457
193.09771729 357.93841553 162.71380615
193.60592651 359.17715454 163.31750488
193.78997803 359.62927246 163.53540039
194.42689514 361.20361328 164.28747559
194.78878784 362.10095215 164.71423340
195.35818481 363.51776123 165.38464355
195.48434448 363.83477783 165.53259277
196.12512207 365.45928955 166.28082275
196.54820251 366.53469849 166.77429199
197.31770325 368.49484253 167.67089844
197.55419922 369.09954834 167.94592285
198.25616455 370.90213013 168.76092529
198.62136841 371.84246826 169.18444824
199.13674927 373.17437744 169.78100586
199.21328735 373.37564087 169.86889648
199.73316956 374.76608276 170.46093750
200.10223389 375.75659180 170.88055420
200.81256104 377.66784668 171.68713379
201.05235291 378.31555176 171.95886230
201.83407593 380.43453979 172.84326172
202.26431274 381.60311890 173.32958984
202.91677856 383.37930298 174.06616211
203.04577637 383.73321533 174.21118164
203.63069153 385.35183716 174.86608887
204.00306702 386.38534546 175.28234863
204.65936279 388.21173096 176.01501465
204.84954834 388.74368286 176.22680664
205.37658691 390.22726440 176.81170654
205.63815308 390.96694946 177.10125732
205.98300171 391.94897461 177.48156738
206.01702881 392.05102539 177.51806641
206.35662842 393.02783203 177.88269043
206.61369324 393.76300049 178.15869141
207.13098145 395.23684692 178.71435547
207.31730652 395.76492310 178.91455078
207.95936584 397.57702637 179.60449219
208.32337952 398.60217285 179.99572754
208.89468384 400.20721436 180.60980225
209.02037048 400.55780029 180.74493408
209.65470886 402.31588745 181.42712402
210.07273865 403.47222900 181.87677002
210.83184814 405.56860352 182.69335938
211.06446838 406.20916748 182.94360352
211.75282288 408.09844971 183.68420410
212.11021423 409.07727051 184.06884766
212.61317444 410.45077515 184.61010742
212.68688965 410.64923096 184.68945313
213.18084717 411.95971680 185.22180176
213.53050232 412.88452148 185.59863281
214.20214844 414.65673828 186.32257080
214.42816162 415.25100708 186.56628418
215.16281128 417.17630005 187.35839844
215.56652832 418.23229980 187.79364014
216.17752075 419.82705688 188.45251465
216.29753113 420.13793945 188.58203125
216.83778381 421.52560425 189.16510010
217.18084717 422.40411377 189.53540039
217.78413391 423.94482422 190.18652344
217.95816040 424.38693237 190.37438965
218.43778992 425.59707642 190.89233398
218.67485046 426.19223022 191.14843750
218.98544312 426.96597290 191.48406982
219.01460266 427.03402710 191.51574707
219.34094238 427.81826782 191.87756348
219.59152222 428.42242432 192.15612793
220.10040283 429.65209961 192.72283936
220.28601074 430.10189819 192.92999268
220.93205261 431.67114258 193.65246582
221.30020142 432.56637573 194.06451416
221.88130188 433.98123169 194.71557617
222.01123047 434.29876709 194.86157227
222.67657471 435.92971802 195.61108398
223.11694336 437.01016235 196.10754395
223.91944885 438.98071289 197.01269531
224.16696167 439.58929443 197.29217529
224.90451050 441.40548706 198.12597656
225.28919983 442.35363770 198.56115723
225.83390808 443.69793701 199.17810059
225.91612244 443.90206909 199.27160645
226.48333740 445.31842041 199.92004395
226.88731384 446.32830811 200.38220215
227.66668701 448.27825928 201.27453613
227.93072510 448.93975830 201.57714844
228.79434204 451.10580444 202.56787109
229.27052307 452.30090332 203.11450195
229.99420166 454.11856079 203.94567871
230.13830566 454.48144531 204.11157227
230.79704285 456.14474487 204.87133789
231.21755981 457.20755005 205.35668945
231.96054077 459.08694458 206.21484375
232.17686462 459.63504028 206.46502686
232.77992249 461.16604614 207.16357422
233.08049011 461.93023682 207.51220703
233.47935486 462.94653320 207.97558594
233.52067566 463.05346680 208.02416992
233.94580078 464.13278198 208.52429199
234.26887512 464.95098877 208.90441895
234.92070007 466.59902954 209.67126465
235.15631104 467.19345093 209.94848633
235.97058105 469.24389648 210.90649414
236.43289185 470.40704346 211.45031738
237.15969849 472.23370361 212.30541992
237.32034302 472.63629150 212.49444580
238.13458252 474.67132568 213.45239258
238.67187500 476.01306152 214.08447266
239.64855957 478.45050049 215.23352051
239.94845581 479.19799805 215.58630371
240.83767700 481.41162109 216.63244629
241.29998779 482.56152344 217.17639160
241.95181274 484.18090820 217.94323730
242.04821777 484.41906738 218.05664063
242.70002747 486.02044678 218.82348633
243.16233826 487.15490723 219.36737061
244.05157471 489.33511353 220.41345215
244.35144043 490.06936646 220.76623535
245.32814026 492.45794678 221.91528320
245.86541748 493.77102661 222.54736328
246.67968750 495.75939941 223.50537109
246.84033203 496.15060425 223.69439697
247.56712341 497.91516113 224.54943848
248.02943420 499.03640747 225.09332275
248.84368896 501.00933838 226.05126953
249.07931519 501.57916260 226.32843018
249.73114014 503.15188599 227.09533691
250.05422974 503.93008423 227.47546387
250.47933960 504.95141602 227.97558594
250.52066040 505.04858398 228.02416992
250.94053650 505.90710449 228.46655273
251.25912476 506.54574585 228.79711914
251.90118408 507.81607056 229.45672607
252.13294983 508.26629639 229.69152832
252.93295288 509.79727173 230.49267578
253.38690186 510.65936279 230.94458008
254.10009766 512.00189209 231.64990234
254.25743103 512.29058838 231.80249023
255.05357361 513.71740723 232.56115723
255.57864380 514.65167236 233.05883789
256.53271484 516.33911133 233.95910645
256.82543945 516.85125732 234.23303223
257.69268799 518.35021973 235.03747559
258.14331055 519.12298584 235.45300293
258.77822876 520.19982910 236.03369141
258.87179565 520.35009766 236.11596680
259.50219727 521.30541992 236.64721680
259.94897461 521.97399902 237.02026367
260.80786133 523.24725342 237.73272705
261.09729004 523.67010498 237.97033691
262.03912354 525.02758789 238.73620605
262.55703735 525.76837158 239.15502930
263.34149170 526.88012695 239.78533936
263.49600220 527.09228516 239.90679932
264.19366455 528.01562500 240.44128418
264.63714600 528.59490967 240.77801514
265.41775513 529.60247803 241.36596680
265.64337158 529.88684082 241.53320313
266.26660156 530.64868164 241.98559570
266.57519531 531.01727295 242.20617676
266.98056030 531.48419189 242.48901367
267.01943970 531.51580811 242.51086426
267.51409912 532.19274902 242.75170898
267.89923096 532.74145508 242.93615723
268.68826294 533.89343262 243.31054688
268.97949219 534.33215332 243.44689941
270.00244141 535.90997314 243.92065430
270.58807373 536.82366943 244.19055176
271.51715088 538.29150391 244.61614990
271.72787476 538.63598633 244.71105957
272.82031250 540.47229004 245.19653320
273.54592896 541.70190430 245.51763916
274.87225342 543.96405029 246.10253906
275.28350830 544.67352295 246.28283691
276.51593018 546.82574463 246.81951904
277.16107178 547.96105957 247.09924316
278.07913208 549.59313965 247.49511719
278.22088623 549.85681152 247.55468750
279.39852905 552.21069336 248.02703857
280.26620483 553.96472168 248.37237549
281.98077393 557.45739746 249.05114746
282.58273315 558.69720459 249.28765869
284.61373901 562.91857910 250.08032227
285.75262451 565.29711914 250.52319336
287.51788330 569.00427246 251.20703125
287.89212036 569.80322266 251.35021973
290.04821777 574.54089355 252.15686035
291.52206421 577.80273438 252.70507813
294.27883911 583.93786621 253.72583008
295.16790771 585.93469238 254.05261230
298.55914307 593.67370605 255.28222656
300.57684326 598.31018066 256.00939941
305.05502319 608.71765137 257.60754395
309.00000000 618.00000000 259.00000000
