0.00000000 0.00000000 0.00000000
1.74044800 6.84573364 1.04418945
3.74732971 14.71249390 2.19152832
4.66421509 18.29583740 2.69305420
6.21829224 24.35852051 3.52020264
6.63346863 25.97171021 3.72766113
7.93438721 31.01547241 4.35424805
8.63427734 33.72552490 4.68383789
9.66638184 37.71520996 5.15612793
9.85113525 38.42489624 5.23120117
10.73756409 41.81851196 5.56738281
11.31259155 44.01763916 5.78051758
12.34298706 47.95442200 6.15441895
12.65115356 49.12968445 6.26196289
13.53813171 52.50566101 6.55682373
13.99024963 54.22409058 6.70208740
14.61033630 56.57620239 6.89135742
14.68971252 56.87388611 6.90832520
15.22201538 58.85760498 6.99633789
15.59889221 60.26025391 7.05480957
16.32284546 62.95205688 7.16162109
16.56649780 63.85665894 7.19470215
17.35861206 66.79348755 7.29370117
17.79391479 68.40615845 7.34552002
18.45280457 70.84494019 7.41918945
18.58227539 71.32264709 7.43054199
19.16528320 73.46621704 7.46563721
19.53553772 74.82588196 7.48437500
20.18670654 77.21449280 7.51171875
20.37460327 77.90222168 7.51647949
20.89257813 79.79277039 7.51843262
21.14865112 80.72552490 7.51550293
21.48425293 81.94415283 7.50354004
21.51583862 82.05593872 7.49621582
21.85668945 83.17477417 7.42651367
22.11727905 84.02198792 7.37396240
22.64498901 85.72720337 7.26867676
22.83674622 86.34161377 7.23095703
23.50216675 88.45935059 7.10156250
23.88078308 89.66015625 7.02832031
24.47740173 91.54510498 6.91369629
24.61016846 91.95996094 6.88867188
25.28718567 94.05455017 6.76306152
25.73471069 95.43505859 6.68048096
26.54943848 97.94218445 6.53070068
26.80024719 98.71061707 6.48492432
27.54617310 100.98492432 6.34997559
27.93472290 102.16589355 6.28002930
28.48391724 103.82812500 6.18194580
28.56613159 104.07194519 6.16772461
29.12886047 105.70715332 6.07421875
29.52897644 106.86495972 6.00817871
30.29997253 109.08911133 5.88159180
30.56069946 109.83770752 5.83911133
31.41209412 112.27149963 5.70159912
31.88111877 113.60900879 5.62615967
32.59313965 115.63360596 5.51226807
32.73442078 116.03146362 5.49005127
33.37762451 117.82324219 5.39093018
33.78765869 118.96119690 5.32818604
34.51124573 120.96263123 5.21813965
34.72143555 121.54019165 5.18652344
35.30564880 123.13240051 5.10003662
35.59622192 123.91961670 5.05755615
35.98059082 124.95141602 5.00231934
36.01947021 125.04861450 4.99743652
36.38282776 126.03842163 4.95794678
36.65539551 126.78961182 4.92895508
37.20059204 128.30380249 4.87170410
37.39533997 128.85049438 4.85168457
38.06192017 130.73786926 4.78442383
38.43850708 131.80894470 4.74670410
39.02726746 133.49182129 4.68847656
39.15530396 133.86320496 4.67614746
39.79486084 135.74288940 4.61663818
40.21501160 136.98265076 4.57788086
40.97593689 139.23550415 4.50823975
41.20800781 139.92677307 4.48730469
41.89111328 141.97512817 4.42663574
42.24456787 143.03959656 4.39556885
42.73960876 144.53945923 4.35278320
42.81048584 144.76058960 4.34704590
43.27400208 146.25143433 4.31323242
43.60043335 147.30818176 4.28991699
44.22500610 149.33981323 4.24597168
44.43392944 150.02445984 4.23162842
45.10932922 152.25288391 4.18640137
45.47930908 153.47830200 4.16192627
46.03720093 155.33464050 4.12573242
46.14538574 155.70036316 4.11914063
46.62545776 157.35218811 4.09191895
46.92872620 158.40231323 4.07519531
47.45959473 160.25094604 4.04663086
47.61132813 160.78533936 4.03894043
48.02468872 162.26187134 4.01947021
48.22724915 162.99305725 4.01049805
48.48907471 163.95384216 4.00000000
48.51095581 164.04618835 4.00000000
48.79380798 165.00698853 4.04199219
49.01437378 165.73817444 4.07800293
49.46675110 167.21470642 4.15606689
49.63394165 167.74909973 4.18695068
50.22183228 169.59771729 4.30102539
50.55854797 170.64784241 4.36785889
51.09306335 172.29966736 4.47674561
51.21449280 172.66539001 4.50317383
51.84483337 174.52172852 4.64807129
52.26368713 175.74716187 4.74584961
53.02954102 177.97558594 4.92675781
53.26713562 178.66023254 4.98400879
53.97961426 180.69186401 5.15979004
54.35270691 181.74859619 5.25317383
54.88391113 183.23945618 5.38854980
54.96614075 183.46058655 5.41125488
55.54687500 184.96044922 5.58264160
55.96241760 186.02490234 5.70678711
56.76684570 188.07325745 5.94946289
57.04081726 188.76452637 6.03326416
57.94108582 191.01739502 6.31195068
58.43876648 192.25715637 6.46704102
59.19744873 194.13682556 6.70532227
59.35006714 194.50820923 6.75439453
60.05537415 196.19107056 6.98754883
60.50730896 197.26216125 7.13824463
61.30844116 199.14953613 7.40740967
61.54319763 199.69622803 7.48742676
62.20275879 201.21041870 7.71612549
62.53334045 201.96160889 7.83215332
62.97570801 202.95141602 7.99023438
63.02432251 203.04861450 8.00964355
63.48770142 204.16445923 8.16241455
63.83628845 205.02371216 8.27392578
64.53486633 206.77200317 8.49279785
64.78504944 207.41128540 8.56896973
65.64320374 209.64080811 8.82385254
66.12858582 210.91255188 8.96618652
66.88835144 212.92213440 9.18572998
67.05419922 213.37289429 9.23156738
67.88534546 215.68731689 9.45166016
68.43191528 217.22033691 9.59454346
69.42265320 220.01600647 9.85058594
69.72528076 220.87927246 9.92724609
70.61761475 223.45498657 10.14794922
71.07983398 224.79946899 10.26049805
71.72824097 226.70541382 10.41497803
71.82180786 226.99459839 10.43481445
72.43870544 228.99957275 10.54876709
72.87391663 230.42897034 10.62658691
73.70771790 233.18862915 10.77197266
73.98721313 234.12464905 10.81884766
74.89239502 237.18913269 10.96496582
75.38879395 238.87982178 11.04333496
76.13825989 241.45094299 11.15844727
76.28425598 241.96408081 11.17877197
76.93533325 244.31524658 11.25854492
77.34739685 245.81739807 11.30664063
78.06985474 248.47341919 11.38702393
78.27703857 249.24783325 11.40789795
78.84378052 251.41049194 11.45733643
79.12234497 252.48976135 11.47888184
79.48422241 253.92468262 11.50109863
79.51580811 254.07533264 11.49865723
79.80413818 255.54176331 11.48413086
80.01968384 256.64804077 11.47412109
80.44985962 258.86920166 11.45532227
80.60302734 259.66680908 11.44921875
81.12591553 262.40835571 11.42980957
81.42092896 263.96066284 11.41931152
81.88142395 266.39352417 11.40380859
81.98112488 266.92651367 11.40100098
82.47698975 269.60629272 11.38934326
82.80230713 271.37030029 11.38214111
83.39086914 274.57049561 11.36993408
83.57003021 275.54949951 11.36663818
84.09622192 278.44100952 11.35827637
84.36807251 279.94039917 11.35443115
84.74808502 282.04690552 11.34997559
84.80195618 282.35308838 11.34997559
85.15045166 284.38757324 11.35443115
85.39530182 285.82522583 11.35827637
85.86296082 288.58294678 11.36663818
86.01896667 289.50906372 11.36993408
86.52199554 292.51373291 11.38214111
86.79716492 294.16308594 11.38934326
87.21134949 296.65618896 11.40100098
87.29119873 297.14379883 11.40380859
87.64300537 299.32821655 11.41931152
87.86470032 300.71298218 11.42980957
88.25187683 303.14434814 11.44921875
88.36204529 303.84365845 11.45532227
88.66036987 305.76345825 11.47412109
88.80592346 306.70971680 11.48413086
88.99272919 307.94412231 11.49865723
89.00730896 308.05587769 11.50109863
89.17310333 309.27975464 11.56811523
89.30063629 310.21701050 11.62316895
89.55995178 312.11734009 11.73950195
89.65468597 312.80892944 11.78424072
89.98484039 315.21179199 11.94616699
90.17309570 316.57980347 12.04028320
90.47044373 318.73699951 12.19189453
90.53707123 319.21798706 12.22784424
90.87879944 321.67489624 12.42065430
91.10508728 323.29980469 12.54998779
91.51765442 326.25924683 12.78833008
91.64498901 327.17102051 12.86340332
92.02474976 329.88476563 13.09143066
92.22293091 331.29910278 13.21203613
92.50375366 333.29974365 13.38574219
92.54627991 333.60025024 13.41406250
92.84060669 335.66390991 13.62377930
93.05035400 337.13226318 13.77514648
93.45520020 339.96307373 14.07019043
93.59245300 340.92114258 14.17163086
94.04167175 344.05166626 14.50781250
94.28945923 345.77691650 14.69445801
94.66618347 348.39715576 14.98059082
94.74131775 348.91784668 15.03918457
95.08525848 351.29241943 15.31506348
95.30493164 352.80706787 15.49291992
95.69325256 355.48132324 15.80993652
95.80641174 356.25891113 15.90380859
96.12223053 358.42291260 16.17089844
96.27976990 359.50018311 16.30590820
96.48907471 360.92709351 16.48889160
96.51095581 361.07290649 16.51074219
96.68350220 362.47882080 16.75683594
96.80952454 363.53808594 16.94592285
97.05706787 365.66305542 17.33007813
97.14321899 366.42517090 17.47021484
97.43173981 369.04241943 17.95825195
97.59289551 370.52362061 18.23645020
97.84153748 372.84375000 18.67565918
97.89350891 373.35122681 18.77392578
98.14344025 375.89901733 19.27752686
98.30569458 377.57537842 19.61083984
98.59660339 380.61541748 20.21838379
98.68369293 381.54479980 20.40582275
98.93472290 384.28775024 20.96447754
99.06280518 385.70941162 21.25592041
99.23868561 387.70541382 21.66870117
99.26136780 387.99456787 21.73107910
99.39223480 389.90951538 22.16186523
99.48171997 391.26174927 22.46868896
99.64914703 393.85418701 23.06079102
99.70317078 394.72406006 23.26147461
99.87187958 397.54412842 23.91784668
99.96246338 399.09149170 24.27990723
100.09571075 401.42926025 24.83007813
100.11933899 401.88568115 24.93969727
100.21271515 403.92633057 25.44097900
100.26912689 405.21899414 25.76104736
100.36378479 407.48730469 26.32672119
100.38851166 408.13888550 26.49145508
100.44770813 409.92486572 26.95092773
100.47372437 410.80407715 27.18005371
100.50123596 411.94894409 27.48413086
100.49880981 412.05102539 27.51568604
100.45805359 413.12231445 27.83551025
100.42553711 413.93853760 28.07806396
100.35792542 415.58795166 28.56677246
100.33248901 416.18548584 28.74304199
100.24182129 418.25421143 29.35144043
100.18954468 419.42987061 29.69665527
100.10595703 421.27990723 30.23876953
100.08657837 421.69006348 30.35839844
99.98433685 423.77420044 30.96289063
99.91607666 425.15048218 31.36157227
99.79077148 427.65396118 32.08581543
99.75163269 428.42352295 32.30798340
99.63340759 430.70831299 32.96600342
99.57120514 431.89715576 33.30786133
99.48210144 433.57522583 33.78942871
99.46792603 433.82470703 33.86029053
99.36531830 435.52078247 34.33728027
99.29154968 436.72509766 34.67529297
99.14823914 439.04333496 35.32495117
99.09917450 439.82611084 35.54382324
98.93721008 442.37847900 36.25585938
98.84744263 443.78341675 36.64733887
98.71019745 445.91424561 37.24023438
98.68231964 446.33572388 37.35693359
98.55214691 448.24789429 37.88354492
98.46845245 449.46542358 38.21826172
98.31963348 451.61169434 38.80725098
98.27577209 452.23379517 38.97747803
98.15167236 453.95852661 39.44732666
98.08915710 454.81475830 39.67993164
98.00488281 455.94409180 39.98522949
97.99516296 456.05587769 40.01440430
97.83736420 457.39004517 40.29876709
97.71182251 458.42184448 40.51330566
97.45114899 460.52697754 40.94421387
97.35326385 461.29962158 41.09887695
97.00485229 464.00183105 41.63085938
96.80410767 465.54544067 41.93212891
96.48335266 467.98852539 42.40429688
96.40916443 468.53897095 42.50781250
96.01831055 471.37628174 43.02819824
95.75748444 473.25778198 43.37084961
95.27890015 476.69216919 43.99243164
95.12951660 477.75442505 44.18261719
94.67857361 480.92962646 44.74438477
94.44145203 482.58898926 45.03570557
94.10195923 484.94494629 45.44506836
94.04808044 485.30499268 45.50451660
93.58028412 488.24395752 45.94763184
93.23318481 490.40301514 46.26794434
92.54396057 494.66094971 46.89233398
92.30031586 496.15151978 47.10742188
91.47347260 501.16833496 47.82061768
91.00839233 503.97784424 48.21691895
90.28500366 508.32617188 48.82495117
90.13002014 509.24377441 48.94964600
89.22044373 514.48767090 49.62609863
88.59577942 518.06481934 50.08117676
87.42317200 524.74475098 50.92163086
87.04273224 526.89331055 51.18695068
85.57643127 535.04931641 52.16040039
84.70004272 539.89160156 52.72937012
82.74044800 550.60162354 53.95556641
81.00000000 560.00000000 55.00000000
