0.00000000 0.00000000 0.00000000
2.20455933 4.06109619 2.32055664
4.73892212 8.75781250 5.01037598
5.89372253 10.90924072 6.24493408
7.84793091 14.56143188 8.34307861
8.36816406 15.54046631 8.90692139
9.99508667 18.61395264 10.67950439
10.86935425 20.26934814 11.63500977
12.15670776 22.71386719 13.04742432
12.38586426 23.15377808 13.30255127
13.48211670 25.27041626 14.53277588
14.19258118 26.64477539 15.33209229
15.46456909 29.10934448 16.76623535
15.84439087 29.84744263 17.19622803
16.93565369 31.97564697 18.43743896
17.49121094 33.06170654 19.07135010
18.25183105 34.55368042 19.94323730
18.34822083 34.74645996 20.05664063
18.99102783 36.04559326 20.82348633
19.44564819 36.96636963 21.36737061
20.31814575 38.73645020 22.41351318
20.61141968 39.33288574 22.76629639
21.56365967 41.27404785 23.91534424
22.08660889 42.34146118 24.54748535
22.87753296 43.95831299 25.50543213
23.03250122 44.27679443 25.69439697
23.72824097 45.71484375 26.54943848
24.16961670 46.62899780 27.09338379
24.94509888 48.23812866 28.05139160
25.16842651 48.70324707 28.32855225
25.78259277 49.98803711 29.09539795
26.08567810 50.62420654 29.47546387
26.48181152 51.45996094 29.97564697
26.51824951 51.54016113 30.02423096
26.86711121 52.35491943 30.48767090
27.12966919 52.97308350 30.83618164
27.65603638 54.21887207 31.53479004
27.84463501 54.66851807 31.78503418
28.49182129 56.22058105 32.64318848
28.85794067 57.10131836 33.12854004
29.43115234 58.48492432 33.88830566
29.55636597 58.79016113 34.05413818
30.18424988 60.33456421 34.88525391
30.59722900 61.35311890 35.43182373
31.34594727 63.20379639 36.42254639
31.57472229 63.77157593 36.72515869
32.24948120 65.45376587 37.61749268
32.59906006 66.32788086 38.07971191
33.08958435 67.55935669 38.72814941
33.16046143 67.74078369 38.82165527
33.62847900 68.96325684 39.43859863
33.95877075 69.82965088 39.87377930
34.59172058 71.49511719 40.70751953
34.80395508 72.05627441 40.98706055
35.49156189 73.88250732 41.89221191
35.86871338 74.88671875 42.38867188
36.43826294 76.40777588 43.13818359
36.54928589 76.70733643 43.28417969
37.04487610 78.05990601 43.93524170
37.35862732 78.91967773 44.34729004
37.90887451 80.43301392 45.06976318
38.06677246 80.87036133 45.27697754
38.49899292 82.07849121 45.84368896
38.71154785 82.67666626 46.12225342
38.98788452 83.46240234 46.48413086
39.01217651 83.53771973 46.51568604
39.28326416 84.35498047 46.87231445
39.49131775 84.98013306 47.14636230
39.91375732 86.24676514 47.70336914
40.06779480 86.70727539 47.90667725
40.60379028 88.30618286 48.61486816
40.90917969 89.21612549 49.01861572
41.39115906 90.65036011 49.65612793
41.49890137 90.96978760 49.79876709
42.05032349 92.59951782 50.53015137
42.41525269 93.67700195 51.01428223
43.08023071 95.63897705 51.89691162
43.28529358 96.24316406 52.16918945
43.89627075 98.04046631 52.98107910
44.21488953 98.97686768 53.40460205
44.66600037 100.30084229 54.00457764
44.73403931 100.49926758 54.09533691
45.20315552 101.85928345 54.72229004
45.53721619 102.82653809 55.16894531
46.18162537 104.69073486 56.03094482
46.39990234 105.32135010 56.32312012
47.11376953 107.38107300 57.27905273
47.50737000 108.51593018 57.80627441
48.10546875 110.23901367 58.60766602
48.22454834 110.58111572 58.76733398
48.76864624 112.13955688 59.49792480
49.11592102 113.13327026 59.96447754
49.72946167 114.88720703 60.78900146
49.90806580 115.39688110 61.02917480
50.40583801 116.81420898 61.69915771
50.65390015 117.51937866 62.03326416
50.98300171 118.45263672 62.47686768
51.01701355 118.54739380 62.52301025
51.33035278 119.45440674 62.96142578
51.56491089 120.13708496 63.29101563
52.03343201 121.50564575 63.95123291
52.20046997 121.99603271 64.18756104
52.77124023 123.67868042 64.99780273
53.09346008 124.63061523 65.45599365
53.59671021 126.12097168 66.17297363
53.70585632 126.44653320 66.32934570
54.24961853 128.07907104 67.11260986
54.60656738 129.15280151 67.62756348
55.25257874 131.09942627 68.56085205
55.44937134 131.69424438 68.84582520
56.02786255 133.44857788 69.68585205
56.32691956 134.35748291 70.12084961
56.74526978 135.63290405 70.73095703
56.80479431 135.81719971 70.81884766
57.19163513 137.03405762 71.39739990
57.46368408 137.89282227 71.80541992
57.98364258 139.53845215 72.58697510
58.15728760 140.09027100 72.84881592
58.71777344 141.87805176 73.69653320
59.02453613 142.85861206 74.16131592
59.48661804 144.33944702 74.86291504
59.57592773 144.62817383 74.99951172
59.97048950 145.91668701 75.60778809
60.21937561 146.73242188 75.99261475
60.65444946 148.16308594 76.66717529
60.77848816 148.57360840 76.86047363
61.11517334 149.69732666 77.38891602
61.27972412 150.24996948 77.64849854
61.49153137 150.96844482 77.98535156
61.50854492 151.03161621 78.01452637
61.66783142 151.79211426 78.34613037
61.78736877 152.38079834 78.60119629
62.02648926 153.58251953 79.11981201
62.11193848 154.02392578 79.30932617
62.40444946 155.56863403 79.96960449
62.56973267 156.45126343 80.34606934
62.82815552 157.84869385 80.94079590
62.88438416 158.16387939 81.07397461
63.16531372 159.78964233 81.75744629
63.34989929 160.86798096 82.21002197
63.68420410 162.83670044 83.03515625
63.78619385 163.44583130 83.28985596
64.08642578 165.26727295 84.04943848
64.24179077 166.21936035 84.44580078
64.45942688 167.57159424 85.00738525
64.49060059 167.77853394 85.09240723
64.69473267 169.22528076 85.68103027
64.83853149 170.25842285 86.10058594
65.11367798 172.25543213 86.91027832
65.20571899 172.93402100 87.18481445
65.50338745 175.15933228 88.08325195
65.66647339 176.38815308 88.57879639
65.91239929 178.25891113 89.33227539
65.96011353 178.63363647 89.48254395
66.17196655 180.35711670 90.17041016
66.30583191 181.45971680 90.60974121
66.54019165 183.41152954 91.38635254
66.60720825 183.98190308 91.61267090
66.78985596 185.57916260 92.24426270
66.87937927 186.37786865 92.55938721
66.99517822 187.44293213 92.97802734
67.00488281 187.55712891 93.02178955
67.12066650 188.70095825 93.51391602
67.21020508 189.56719971 93.89196777
67.39282227 191.31076050 94.66015625
67.45983887 191.93902588 94.94055176
67.69421387 194.10467529 95.91674805
67.82806396 195.33267212 96.47314453
68.03991699 197.26037598 97.35156250
68.08764648 197.68466187 97.54809570
68.33357239 199.82717896 98.55517578
68.49665833 201.23931885 99.22186279
68.79431152 203.80389404 100.43695068
68.88636780 204.58996582 100.81176758
69.16151428 206.91656494 101.92913818
69.30529785 208.12472534 102.51196289
69.50942993 209.82528687 103.33752441
69.54061890 210.07476807 103.46228027
69.75823975 211.74832153 104.32379150
69.91360474 212.93331909 104.93750000
70.21383667 215.20977783 106.12170410
70.31581116 215.97601318 106.52307129
70.65013123 218.46726990 107.83593750
70.83471680 219.83639526 108.55987549
71.11566162 221.90887451 109.66027832
71.17187500 222.31617737 109.87951660
71.43031311 224.15072632 110.88220215
71.59559631 225.31588745 111.52233887
71.88810730 227.36521912 112.65368652
71.97354126 227.95663452 112.98315430
72.21267700 229.58720398 113.90197754
72.33221436 230.39341736 114.36010742
72.49150085 231.45022583 114.96826172
72.50851440 231.54985046 115.03149414
72.78335571 232.72747803 115.74993896
73.00192261 233.63723755 116.30261230
73.45565796 235.49212646 117.42633057
73.62599182 236.17230225 117.83685303
74.23214722 238.54953003 119.26757813
74.58137512 239.90698242 120.08325195
75.13928223 242.05459595 121.37182617
75.26828003 242.53796387 121.66052246
75.94773865 245.02709961 123.14135742
76.40115356 246.67724609 124.12194824
77.23303223 249.68869019 125.90972900
77.49266052 250.61976624 126.46154785
78.27630615 253.40161133 128.10717773
78.68836975 254.85496521 128.96594238
79.27825928 256.91769409 130.18280029
79.37181091 257.23239136 130.36706543
80.04722595 259.42565918 131.64245605
80.53260803 260.99093628 132.55139160
81.47509766 264.01522827 134.30572510
81.79757690 265.04220581 134.90051270
82.86163330 268.40802002 136.84716797
83.45118713 270.26599121 137.92089844
84.35234070 273.09350586 139.55340576
84.53520203 273.65905762 139.87896729
85.38812256 276.25695801 141.36938477
85.93634033 277.91815186 142.32128906
86.91081238 280.85754395 144.00396729
87.19786072 281.71585083 144.49438477
88.00944519 284.11694336 145.86291504
88.41802979 285.31677246 146.54559326
88.96842957 286.91497803 147.45263672
89.03161621 287.08505249 147.54736328
89.63453674 288.69903564 148.42285156
90.08815002 289.91235352 149.07849121
90.99726868 292.34271240 150.38854980
91.32290649 293.21258545 150.85571289
92.43994141 296.19476318 152.45281982
93.07176208 297.88104248 153.35455322
94.06080627 300.51977539 154.76324463
94.27673340 301.09527588 155.06896973
95.35903931 303.97711182 156.59277344
96.07080078 305.87176514 157.59326172
97.36102295 309.30541992 159.40417480
97.75515747 310.35388184 159.95593262
98.91738892 313.44409180 161.57849121
99.51945496 315.04437256 162.41735840
100.36407471 317.28842163 163.59130859
100.48597717 317.61160278 163.75854492
101.29008484 319.73858643 164.84692383
101.85740662 321.23855591 165.61254883
102.94439697 324.11138916 167.07617188
103.30877686 325.07388306 167.56506348
104.48902893 328.18981934 169.14385986
105.13628387 329.89813232 170.00811768
106.11357117 332.47662354 171.31030273
106.30398560 332.97839355 171.56213379
107.15329742 335.21343994 172.67578125
107.69085693 336.62741089 173.37854004
108.63342285 339.10552979 174.60729980
108.90376282 339.81573486 174.95788574
109.64337158 341.75640869 175.91003418
110.00697327 342.70965576 176.37567139
110.47937012 343.94653320 176.97558594
110.52069092 344.05346680 177.02416992
110.93005371 345.08026123 177.48229980
111.23963165 345.85345459 177.82641602
111.86218262 347.40399170 178.51525879
112.08622742 347.95980835 178.76153564
112.85771942 349.86770630 179.60546875
113.29495239 350.94723511 180.08251953
113.98090363 352.63775635 180.82861328
114.13162994 353.00726318 180.99114990
114.89154053 354.86114502 181.80419922
115.39216614 356.08068848 182.33850098
116.30101013 358.29196167 183.30657959
116.57939148 358.96780396 183.60205078
117.40270233 360.96170044 184.47241211
117.83001709 361.99493408 184.92297363
118.43107605 363.44512939 185.55444336
118.51895905 363.65490723 185.64520264
119.10651398 365.04205322 186.24072266
119.52224731 366.02127075 186.66040039
120.32047272 367.89813232 187.46386719
120.58893585 368.52764893 187.73278809
121.46112061 370.56787109 188.60321045
121.94025421 371.68707275 189.08020020
122.66516113 373.37759399 189.79992676
122.80738831 373.70739746 189.93981934
123.44675446 375.18057251 190.56176758
123.85256958 376.11346436 190.95495605
124.56590271 377.74996948 191.64379883
124.77151489 378.21978760 191.84094238
125.33757019 379.50662231 192.37915039
125.61715698 380.13980103 192.64318848
125.98301697 380.96356201 192.98522949
126.01702881 381.03643799 193.01440430
126.36188507 382.45370483 193.46679688
126.62344360 383.59561157 193.82543945
127.15048981 385.98464966 194.56835938
127.34067535 386.89050293 194.84667969
127.99697876 390.13793945 195.83483887
128.36935425 392.01559448 196.40362549
128.95426941 395.02697754 197.31146240
129.08326721 395.73052979 197.52075195
129.73571777 399.46801758 198.62091064
130.16596985 401.96804810 199.35455322
130.94769287 406.56390381 200.69989014
131.18746948 408.00323486 201.11938477
131.89781189 412.36306763 202.38427734
132.26687622 414.66076660 203.04901123
132.78674316 417.95993042 203.99975586
132.86328125 418.49008179 204.15002441
133.37866211 422.36096191 205.23132324
133.74386597 425.14874268 206.00793457
134.44583130 430.57037354 207.51531982
134.68232727 432.42974854 208.03076172
135.45181274 438.57748413 209.73040771
135.87490845 441.98760986 210.67181396
136.51568604 447.20693970 212.11022949
136.64184570 448.27053833 212.40179443
137.21124268 453.25387573 213.75988770
137.57312012 456.46166992 214.63244629
138.21005249 462.17108154 216.18280029
138.39408875 463.85705566 216.63916016
138.90228271 468.63806152 217.92834473
139.15386963 471.05007935 218.57702637
139.48422241 474.30923462 219.45001221
139.51580811 474.69076538 219.54962158
139.78312683 478.03393555 220.44360352
139.98066711 480.51800537 221.11029053
140.37182617 485.45507813 222.43847656
140.50955200 487.20278931 222.91027832
140.97540283 493.14028931 224.51770020
141.23696899 496.48187256 225.42370605
141.64302063 501.68298340 226.83618164
141.72949219 502.79949951 227.14099121
142.15289307 508.30868530 228.65191650
142.42935181 511.91430664 229.64221191
142.92744446 518.42395020 231.43237305
143.07794189 520.39794922 231.97644043
143.51622009 526.17114258 233.57171631
143.74140930 529.14562988 234.39501953
144.05374146 533.28723145 235.54406738
144.09625244 533.86273193 235.70568848
144.35906982 537.50463867 236.74218750
144.54180908 540.05078125 237.46899414
144.88813782 544.89599609 238.85522461
145.00224304 546.50286865 239.31665039
145.36593628 551.65612793 240.80126953
145.56355286 554.46630859 241.61242676
145.85861206 558.68029785 242.83166504
145.91389465 559.48217773 243.06555176
146.14913940 562.95977783 244.08996582
146.29550171 565.13879395 244.73406982
146.54811096 568.92449951 245.85681152
146.61828613 569.99035645 246.17504883
146.80226135 572.83679199 247.03234863
146.88980103 574.21075439 247.44897461
146.99758911 575.94409180 247.98046875
147.00244141 576.05590820 248.01928711
147.15750122 577.09594727 248.30908203
147.28555298 577.87561035 248.51867676
147.55731201 579.43450928 248.92736816
147.66220093 579.99108887 249.06811523
148.04312134 581.89495850 249.53503418
148.26472473 582.97033691 249.79461670
148.62248230 584.65112305 250.19274902
148.70753479 585.01635742 250.27441406
149.16561890 586.83923340 250.66040039
149.47322083 588.03649902 250.90948486
150.04046631 590.20434570 251.35375977
150.21905518 590.86523438 251.48553467
150.76315308 592.80993652 251.86102295
151.05090332 593.81591797 252.05114746
151.46598816 595.22436523 252.30926514
151.53402710 595.42565918 252.34045410
152.15470886 596.87084961 252.47778320
152.61868286 597.90826416 252.56439209
153.54455566 599.92126465 252.71557617
153.87420654 600.60925293 252.75854492
154.99946594 602.87689209 252.87487793
155.63432312 604.13262939 252.93164063
156.62524414 606.05078125 253.00451660
156.83976746 606.43920898 253.01025391
158.12118530 608.49060059 252.94299316
159.00500488 609.86053467 252.87969971
160.66972351 612.37561035 252.73596191
161.21278381 613.16149902 252.67596436
163.32562256 615.98895264 252.35626221
164.59359741 617.62664795 252.14221191
167.44735718 621.09924316 251.58007813
170.00000000 624.00000000 251.00000000
