126.00000000 0.00000000 0.00000000
126.00000000 1.27633667 5.10522461
125.98424530 2.85031128 11.13842773
125.97073364 3.61035156 13.95343018
125.94147491 4.93988037 18.78387451
125.92990112 5.31945801 20.10925293
125.88713074 6.55099487 24.32257080
125.86204529 7.22702026 26.60858154
125.82121277 8.24887085 30.01538086
125.81128693 8.44873047 30.64947510
125.75694275 9.45141602 33.75439453
125.72028351 10.11099243 35.78167725
125.65243530 11.30688477 39.43444824
125.63093567 11.67236328 40.53808594
125.56501770 12.75057983 43.75219727
125.53001404 13.30926514 45.40356445
125.47924805 14.09335327 47.69396973
125.47074890 14.20675659 48.00579834
125.40647888 15.01412964 50.16418457
125.35990143 15.59277344 51.70233154
125.26889801 16.71417236 54.67120361
125.23747253 17.09674072 55.67779541
125.13296509 18.35574341 58.97210693
125.07480621 19.05236816 60.78918457
124.98545837 20.11532593 63.55194092
124.96703339 20.32983398 64.10284424
124.87961578 21.32461548 66.62506104
124.82311249 21.96276855 68.23596191
124.72218323 23.09518433 71.08361816
124.69218445 23.42767334 71.91345215
124.60641479 24.36401367 74.22949219
124.56291199 24.83410645 75.38476563
124.50363922 25.46478271 76.91973877
124.49635315 25.53527832 77.08007813
124.41607666 26.19747925 78.51000977
124.35456085 26.69458008 79.57531738
124.22978210 27.68948364 81.69622803
124.18434143 28.04510498 82.44891357
124.02639008 29.26306152 85.01135254
123.93644714 29.95138550 86.45507813
123.79457855 31.02786255 88.70507813
123.76291656 31.26220703 89.18981934
123.60111237 32.43386841 91.59027100
123.49407959 33.20379639 93.16296387
123.29910278 34.59851074 96.00500488
123.23901367 35.02407837 96.86828613
123.06011963 36.27731323 99.39770508
122.96686554 36.92593384 100.70251465
122.83492279 37.83483887 102.52246094
122.81507874 37.96524048 102.77758789
122.67862701 38.82009888 104.40844727
122.58151245 39.42242432 105.55114746
122.39425659 40.57534790 107.72937012
122.33086395 40.96124268 108.45373535
122.12367249 42.20932007 110.78247070
122.00946808 42.89324951 112.05426025
121.83599854 43.92486572 113.96459961
121.80149841 44.12524414 114.33032227
121.64410400 45.01538086 115.92810059
121.54368591 45.57800293 116.93188477
121.36634827 46.56332397 118.68017578
121.31477356 46.84524536 119.17492676
121.17115784 47.61413574 120.50476074
121.09963989 47.99121094 121.14996338
121.00485992 48.47937012 121.97076416
120.99514008 48.52069092 122.02905273
120.88985443 48.98782349 122.62402344
120.80933380 49.34692383 123.07568359
120.64620972 50.07678223 123.98608398
120.58691406 50.34326172 124.31488037
120.38106537 51.27157593 125.45013428
120.26392365 51.80078125 126.09448242
120.07929993 52.63647461 127.10693359
120.03819275 52.82357788 127.33038330
119.82849121 53.78277588 128.46179199
119.68984985 54.41781616 129.20800781
119.43742371 55.57543945 130.56427002
119.35969543 55.93261719 130.98046875
119.12849426 56.99765015 132.21386719
119.00804138 57.55331421 132.85491943
118.83775330 58.34048462 133.75823975
118.81224060 58.45956421 133.89147949
118.63745117 59.28277588 134.79028320
118.51313782 59.86929321 135.42749023
118.27357483 61.00122070 136.65252686
118.19254303 61.38488770 137.06542969
117.92790222 62.64025879 138.40942383
117.78208923 63.33264160 139.14855957
117.56072235 64.38513184 140.26831055
117.51677704 64.59490967 140.48901367
117.31662750 65.55480957 141.48590088
117.18901062 66.16781616 142.11975098
116.96378326 67.25122070 143.23565674
116.89833832 67.56683350 143.55834961
116.71638489 68.44735718 144.44995117
116.62586212 68.88647461 144.89160156
116.50607300 69.46966553 145.47198486
116.49392700 69.53039551 145.52789307
116.34262848 70.21334839 146.10302734
116.22509003 70.73797607 146.54016113
115.98461151 71.80383301 147.42199707
115.89601135 72.19277954 147.74072266
115.58525085 73.54702759 148.84240723
115.40747070 74.31887817 149.46789551
115.12564087 75.53744507 150.45117188
115.06185913 75.81008911 150.66851807
114.73179626 77.20678711 151.77020264
114.51267242 78.13134766 152.49713135
114.11232758 79.81643677 153.81854248
113.98829651 80.33627319 154.22424316
113.61688995 81.88565063 155.42730713
113.42257690 82.69384766 156.05279541
113.14626312 83.83856201 156.93469238
113.10373688 84.01147461 157.06512451
112.80491638 85.20571899 157.94702148
112.59130096 86.05639648 158.57250977
112.17810059 87.69775391 159.77557373
112.03752899 88.25396729 160.18127441
111.57608795 90.07345581 161.50262451
111.32113647 91.07681274 162.22955322
110.93273163 92.60186768 163.33117676
110.85476685 92.90570068 163.54852295
110.49530792 94.29504395 164.53186035
110.26515961 95.18209839 165.15734863
109.85746765 96.74958801 166.25897217
109.73815918 97.20608521 166.57775879
109.40350342 98.47912598 167.45965576
109.23596191 99.11378479 167.89672852
109.01215363 99.95626831 168.47192383
108.98785400 100.04376221 168.52783203
108.76403809 100.95454407 169.08197021
108.59649658 101.64773560 169.50109863
108.26184082 103.04757690 170.34393311
108.14253235 103.55426025 170.64733887
107.73484039 105.30708313 171.69195557
107.50469208 106.30282593 172.28399658
107.14523315 107.86911011 173.21289063
107.06726837 108.21594238 173.41699219
106.67887115 109.97647095 174.44616699
106.42391205 111.13870239 175.12420654
105.96247101 113.25222778 176.35516357
105.82189941 113.90161133 176.73217773
105.40869904 115.82861328 177.84735107
105.19508362 116.83097839 178.42614746
104.89626312 118.24514771 179.24035645
104.85373688 118.45492554 179.35943604
104.57742310 119.87811279 180.15563965
104.38311005 120.88818359 180.71899414
104.01170349 122.83190918 181.80072021
103.88767242 123.48788452 182.16455078
103.48732758 125.62585449 183.34655762
103.26820374 126.80239868 183.99597168
102.93814087 128.58628845 184.97851563
102.87435913 128.93878174 185.17126465
102.59252930 130.53616333 186.03808594
102.41474915 131.55284119 186.58819580
102.10398865 133.34442139 187.55529785
102.01539612 133.86340332 187.83404541
101.77490997 135.30090332 188.60156250
101.65737915 136.01409912 188.98065186
101.50607300 136.95387268 189.47680664
101.49392700 137.04620361 189.52294922
101.35838318 137.93347168 189.95611572
101.25435638 138.60163879 190.28125000
101.04313660 139.94160461 190.93170166
100.96611786 140.42196655 191.16418457
100.69812012 142.07101440 191.96020508
100.54542542 143.00408936 192.40997314
100.30443573 144.46533203 193.11334229
100.25056458 144.78472900 193.26647949
99.97485352 146.38746643 194.03161621
99.79238892 147.44183350 194.53430176
99.45989227 149.35363770 195.44494629
99.35736084 149.93795776 195.72277832
99.05187988 151.66195679 196.54083252
98.89256287 152.55534363 196.96423340
98.66700745 153.80931091 197.55737305
98.63299561 153.99075317 197.64239502
98.39843750 155.19070435 198.19958496
98.23140717 156.03778076 198.59204102
97.90920258 157.66145325 199.34326172
97.80005646 158.20608521 199.59460449
97.44311523 159.97125244 200.40747070
97.24632263 160.93960571 200.85290527
96.94726563 162.40232849 201.52465820
96.88773346 162.68771362 201.65509033
96.61569214 163.96264648 202.23425293
96.44204712 164.77005005 202.60028076
96.13527679 166.18644714 203.24121094
96.04597473 166.59310913 203.42456055
95.79708862 167.70706177 203.92437744
95.67305756 168.25521851 204.16943359
95.50850677 168.96842957 204.48657227
95.49150085 169.03161621 204.51324463
95.30593872 169.72908020 204.76202393
95.16390228 170.26373291 204.94860840
94.87599945 171.34841919 205.32165527
94.77125549 171.74351501 205.45477295
94.40746307 173.11714172 205.91040039
94.20037842 173.89944458 206.16772461
93.87388611 175.13352966 206.56994629
93.80111694 175.40899658 206.65734863
93.42961121 176.81736755 207.09362793
93.18393707 177.74908447 207.38018799
92.73653412 179.44639587 207.89904785
92.59872437 179.96952820 208.05725098
92.18862152 181.52728271 208.52282715
91.97492218 182.33935547 208.76361084
91.67268372 183.48855591 209.10076904
91.62731934 183.66148376 209.14892578
91.31607819 184.85119629 209.46362305
91.09466553 185.69799805 209.68511963
90.66783905 187.33100891 210.10888672
90.52341461 187.88391113 210.25048828
90.05157471 189.69119263 210.70831299
89.79156494 190.68740845 210.95904541
89.39672089 192.20077515 211.33703613
89.31828308 192.50175476 211.41027832
88.96073914 193.87557983 211.73486328
88.73270416 194.75215149 211.93981934
88.33013916 196.30026245 212.29846191
88.21311951 196.75064087 212.40093994
87.88754272 198.00483704 212.67974854
87.72550201 198.62948608 212.81628418
87.51094055 199.45747375 212.99255371
87.48906708 199.54252625 213.00720215
87.24824524 200.40728760 213.17822266
87.06369019 201.06346130 213.31030273
86.68934631 202.38595581 213.57934570
86.55303192 202.86332703 213.67797852
86.07919312 204.51123047 214.02239990
85.80934906 205.44635010 214.21899414
85.38374329 206.91545105 214.52996826
85.28877258 207.23957825 214.59991455
84.80334473 208.87976074 214.95971680
84.48223877 209.96150208 215.19824219
83.89732361 211.92710876 215.63342285
83.71706390 212.53018188 215.76788330
83.18037415 214.31698608 216.16961670
82.90061951 215.24548340 216.37945557
82.50477600 216.55361938 216.67724609
82.44523621 216.74639893 216.72253418
82.03588867 218.04554749 217.03833008
81.74455261 218.96632385 217.26367188
81.18278503 220.73641968 217.69885254
80.99259949 221.33287048 217.84655762
80.37101746 223.27403259 218.33062744
80.02841949 224.34143066 218.59777832
79.50799561 225.95828247 219.00433350
79.40451050 226.27673340 219.08557129
78.93232727 227.71479797 219.45861816
78.63106537 228.62895203 219.69714355
78.09906006 230.23808289 220.11914063
77.94432068 230.70318604 220.24230957
77.51347351 231.98799133 220.58666992
77.29891968 232.62414551 220.75872803
77.01458740 233.45989990 220.98779297
76.98542786 233.54010010 221.01208496
76.69583893 234.43887329 221.24108887
76.47678375 235.12907410 221.41314697
76.03617859 236.53092957 221.75756836
75.87757874 237.04232788 221.88073730
75.33132172 238.82252502 222.30267334
75.02169800 239.83702087 222.54113770
74.53589630 241.43843079 222.91424561
74.42910767 241.79658508 222.99548340
73.89057159 243.63081360 223.40203857
73.53575134 244.84484863 223.66918945
72.89155579 247.05740356 224.15332031
72.69420624 247.73985291 224.30102539
72.11045837 249.77363586 224.73620605
71.80745697 250.83441162 224.96148682
71.38118744 252.33660889 225.27722168
71.31881714 252.56341553 225.32257080
70.90155029 254.12861633 225.62023926
70.60626221 255.24343872 225.83007813
70.03924561 257.39425659 226.23181152
69.84851074 258.12301636 226.36633301
69.22875977 260.50665283 226.80157471
68.88826752 261.82101440 227.04003906
68.37306213 263.81860352 227.39996338
68.27194977 264.21643066 227.46990967
67.81719971 266.03521729 227.78088379
67.52852631 267.19635010 227.97747803
67.02104187 269.24792480 228.32189941
66.87472534 269.84533691 228.42047119
66.47178650 271.51086426 228.68951416
66.27273560 272.34109497 228.82153320
66.01215363 273.44290161 228.99255371
65.98785400 273.55712891 229.00714111
65.75878906 274.62744141 229.15197754
65.58674622 275.43060303 229.26147461
65.24234009 277.03762817 229.48181152
65.11917114 277.61187744 229.56115723
64.69722748 279.57794189 229.83422852
64.45871735 280.68890381 229.98901367
64.08563995 282.42602539 230.23193359
64.00437164 282.80401611 230.28533936
63.59785461 284.69290161 230.55462646
63.33068085 285.93395996 230.73205566
62.84662247 288.18188477 231.05419922
62.69888687 288.86764526 231.15283203
62.26370621 290.88662720 231.44470215
62.03842926 291.93142700 231.59619141
61.72268677 293.39511108 231.80932617
61.67732620 293.60491943 231.84045410
61.37959290 294.97854614 232.04913330
61.16975021 295.94616699 232.19677734
60.76801300 297.79797363 232.48022461
60.63350677 298.41757202 232.57562256
60.19832611 300.42111206 232.88549805
59.95981598 301.51882935 233.05572510
59.59997559 303.17437744 233.31335449
59.53004456 303.49566650 233.36395264
59.21907806 304.92224121 233.59130859
59.02246094 305.82373047 233.73565674
58.67805481 307.40206909 233.98937988
58.57946014 307.85345459 234.06256104
58.31038666 309.08377075 234.26403809
58.17835236 309.68695068 234.36358643
58.00730133 310.46719360 234.49389648
57.99272156 310.53280640 234.50604248
57.76389313 311.42333984 234.59960938
57.58233643 312.12106323 234.66760254
57.20597076 313.55621338 234.80078125
57.06492615 314.08865356 234.84692383
56.56370163 315.96636963 235.00085449
56.27512360 317.04342651 235.08666992
55.81441498 318.75585938 235.21875000
55.70810318 319.14663696 235.24621582
55.14899826 321.18255615 235.37701416
54.77607727 322.53689575 235.46166992
54.09211731 325.01538086 235.61328125
53.87878036 325.78549194 235.65844727
53.23533249 328.09869385 235.78808594
52.89714050 329.31137085 235.85406494
52.41327667 331.04034424 235.94427490
52.33673477 331.30966187 235.95562744
51.78534698 333.22323608 236.01879883
51.38927460 334.59408569 236.06164551
50.62041855 337.25009155 236.14111328
50.35747528 338.15579224 236.16650391
49.49021912 341.13528442 236.24475098
49.00980377 342.78341675 236.28643799
48.27567673 345.29776001 236.34716797
48.12683868 345.80474854 236.35760498
47.43323135 348.15377808 236.39648438
46.98754501 349.66027832 236.41943359
46.19553757 352.33279419 236.45715332
45.96235657 353.11706543 236.46643066
45.30348206 355.32443237 236.48663330
44.97190094 356.43222046 236.49462891
44.52552795 357.91738892 236.50109863
44.47450256 358.08261108 236.49865723
44.01762390 359.66757202 236.50518799
43.67704010 360.86087036 236.51318359
42.99864960 363.25357056 236.53344727
42.75775909 364.11117554 236.54272461
41.93723297 367.05456543 236.58032227
41.47482300 368.71990967 236.60333252
40.75399017 371.32757568 236.64221191
40.59853363 371.89743042 236.65258789
39.82818604 374.75592041 236.71343994
39.32333374 376.63623047 236.75512695
38.41085052 380.04544067 236.83337402
38.13356781 381.08731079 236.85876465
37.32076263 384.16079712 236.93823242
36.90135193 385.75335693 236.98101807
36.31612396 387.98840332 237.04418945
36.23390961 388.31158447 237.05554199
35.70720673 390.44760132 237.14575195
35.33795929 391.95526123 237.21173096
34.63384247 394.84481812 237.34143066
34.39956665 395.81390381 237.38659668
33.64592743 398.95428467 237.53820801
33.23423767 400.67694092 237.62292480
32.61556244 403.27874756 237.75378418
32.49696350 403.78622437 237.78112793
31.97797394 406.05230713 237.91320801
31.65172577 407.48721313 237.99902344
31.08322144 410.00415039 238.15295410
30.92218018 410.72659302 238.19909668
30.48863983 412.70492554 238.33233643
30.27807617 413.67822266 238.40039063
30.00973511 414.94409180 238.49389648
29.99029541 415.05587769 238.50598145
29.76922607 416.23773193 238.67303467
29.59918213 417.13897705 238.80407715
29.25342560 418.96124268 239.07385254
29.12710571 419.62197876 239.17401123
28.68690491 421.91079712 239.52752686
28.43589783 423.21191406 239.73034668
28.03942871 425.26022339 240.05297852
27.95059967 425.71475220 240.12670898
27.49496460 428.02673340 240.51110840
27.19323730 429.55389404 240.76696777
26.64315796 432.33239746 241.23510742
26.47337341 433.18682861 241.38061523
25.96701813 435.72479248 241.81799316
25.70278168 437.04577637 242.04736328
25.32836151 438.91107178 242.37438965
25.27165985 439.18890381 242.42541504
24.87922668 441.08117676 242.78857422
24.59956360 442.42532349 243.04870605
24.05976868 445.01345825 243.55297852
23.87675476 445.88775635 243.72497559
23.27779388 448.73956299 244.29089355
22.94741058 450.30972290 244.60394287
22.44509888 452.69171143 245.08166504
22.34493256 453.16326904 245.17803955
21.88635254 455.30474854 245.62493896
21.59346008 456.66870117 245.91162109
21.07570648 459.07385254 246.42028809
20.92481995 459.77142334 246.56958008
20.50373077 461.70669556 246.98999023
20.29367828 462.66793823 247.20104980
20.01459503 463.93682861 247.48413086
19.98543549 464.06317139 247.51574707
19.72736359 465.26904297 247.81457520
19.53531647 466.17623901 248.03906250
19.15324402 467.99447632 248.48876953
19.01779175 468.64575195 248.64965820
18.55706787 470.87979126 249.20104980
18.29760742 472.14343262 249.51275635
17.89347839 474.12155151 250.00048828
17.80654144 474.55340576 250.10681152
17.37669373 476.71801758 250.63891602
17.09518433 478.14154053 250.98864746
16.58668518 480.72195435 251.62243652
16.43233490 481.51025391 251.81591797
15.98043823 483.83471680 252.38604736
15.74744415 485.03881836 252.68127441
15.42269897 486.72808838 253.09509277
15.37733459 486.97189331 253.15466309
15.08860779 488.58007813 253.54602051
14.88648224 489.71475220 253.82189941
14.50146484 491.88873291 254.35021973
14.37357330 492.61749268 254.52709961
13.96282959 494.97796631 255.09985352
13.73866272 496.27249146 255.41369629
13.40216064 498.22705078 255.88745117
13.33789825 498.60791016 255.97961426
13.05798340 500.30651855 256.38970947
12.88231659 501.38162231 256.64904785
12.57667542 503.26675415 257.10351563
12.49037170 503.80746460 257.23370361
12.25896454 505.28668213 257.58923340
12.14692688 506.01388550 257.76379395
12.00488281 506.95867920 257.99011230
11.99516296 507.04132080 258.00952148
11.90038300 508.03860474 258.23583984
11.82885742 508.81085205 258.41046143
11.68524170 510.38760376 258.76599121
11.63365936 510.96688843 258.89624023
11.45632935 512.99456787 259.35064697
11.35591125 514.15332031 259.60998535
11.19851685 515.98803711 260.02001953
11.16401672 516.40197754 260.11218262
10.99053955 518.53765869 260.58593750
10.87634277 519.95434570 260.89984131
10.66914368 522.54101563 261.47253418
10.60575104 523.34143066 261.64953613
10.41849518 525.73510742 262.17785645
10.32138062 526.98645020 262.45373535
10.18493652 528.76391602 262.84509277
10.16509247 529.03607178 262.90466309
10.03314209 530.93951416 263.31848145
9.93989563 532.29888916 263.61364746
9.76099396 534.92675781 264.18383789
9.70091248 535.81970215 264.37731934
9.50593567 538.74853516 265.01104736
9.39889526 540.36590576 265.36083984
9.23709106 542.82836914 265.89294434
9.20542908 543.32165527 265.99926758
9.06355286 545.59112549 266.48693848
8.97360229 547.04309082 266.79870605
8.81565857 549.61358643 267.35003662
8.77022552 550.36486816 267.51086426
8.64544678 552.46899414 267.96057129
8.58392334 553.52124023 268.18518066
8.50364685 554.92468262 268.48400879
8.49635315 555.07531738 268.51562500
8.40032959 556.63098145 268.76721191
8.32530975 557.81384277 268.95129395
8.17126465 560.20080566 269.31311035
8.11425018 561.06396484 269.43933105
7.91352844 564.04791260 269.86236572
7.79850769 565.74230957 270.09887695
7.61580658 568.40661621 270.46405029
7.57421875 568.99584961 270.54058838
7.35807800 571.98358154 270.90966797
7.21438599 573.95532227 271.14941406
6.95156097 577.53997803 271.57971191
6.86997986 578.64086914 271.70874023
6.62516785 581.90588379 272.08111572
6.49691010 583.60363770 272.27136230
6.31420135 585.99780273 272.53289795
6.28584290 586.35217285 272.56689453
6.04836273 589.08172607 272.76013184
5.87315369 591.06695557 272.89178467
5.52661896 594.95483398 273.13732910
5.40480042 596.30212402 273.21618652
4.99330139 600.79711914 273.46118164
4.76242065 603.30273438 273.59228516
4.40429688 607.15979004 273.78436279
4.32823181 607.96020508 273.81787109
3.88832855 612.39569092 273.93786621
3.58734131 615.39715576 274.00714111
3.02395630 620.96655273 274.11804199
2.84205627 622.73876953 274.14392090
2.14672852 629.33813477 274.17559814
1.73265076 633.22241211 274.17687988
0.81221008 641.69018555 274.11596680
0.00000000 649.00000000 274.00000000
