0.00000000 0.00000000 0.00000000
2.55264282 1.97250366 3.01672363
5.49044800 4.24310303 6.47674561
6.83044434 5.27896118 8.05017090
9.09936523 7.03311157 10.70941162
9.70416260 7.50082397 11.41540527
11.59698486 8.96475220 13.61999512
12.61459351 9.75183105 14.80358887
14.11380005 10.91156006 16.54443359
14.38122559 11.11853027 16.85296631
15.66201782 12.10986328 18.32543945
16.49237061 12.75259399 19.27893066
17.97949219 13.90377808 20.98504639
18.42379761 14.24777222 21.49389648
19.70126343 15.23690796 22.95367432
20.35192871 15.74075317 23.69610596
21.24331665 16.43109131 24.71112061
21.35671997 16.51898193 24.83868408
22.11456299 17.10653687 25.68566895
22.65075684 17.52224731 26.28405762
23.68017578 18.32046509 27.43170166
24.02636719 18.58892822 27.81701660
25.15097046 19.46112061 29.06695557
25.76873779 19.94024658 29.75299072
26.70336914 20.66513062 30.78979492
26.88668823 20.80734253 30.99249268
27.71069336 21.44671631 31.90008545
28.23364258 21.85253906 32.47534180
29.15283203 22.56588745 33.48522949
29.41772461 22.77151489 33.77557373
30.14691162 23.33755493 34.57232666
30.50701904 23.61712646 34.96490479
30.97814941 23.98300171 35.47680664
31.02191162 24.01702881 35.52301025
31.46679688 24.36187744 35.97192383
31.80438232 24.62344360 36.31048584
32.48477173 25.15048218 36.99023438
32.73040771 25.34066772 37.23425293
33.57830811 25.99697876 38.07299805
34.05944824 26.36932373 38.54791260
34.81539917 26.95428467 39.29217529
34.98217773 27.08325195 39.45520020
35.82621765 27.73574829 40.27465820
36.38290405 28.16601563 40.81408691
37.39442444 28.94772339 41.79260254
37.70477295 29.18753052 42.09191895
38.62432861 29.89785767 42.97589111
39.10215759 30.26690674 43.43426514
39.77539063 30.78680420 44.07812500
39.87463379 30.86334229 44.17175293
40.54336548 31.37872314 44.79309082
41.01736450 31.74389648 45.23217773
41.92855835 32.44586182 46.07427979
42.23559570 32.68237305 46.35705566
43.23492432 33.45184326 47.27447510
43.78442383 33.87493896 47.77807617
44.61679077 34.51571655 48.53924561
44.78076172 34.64187622 48.68804932
45.52116394 35.21127319 49.35461426
45.99185181 35.57315063 49.77716064
46.82037354 36.21008301 50.51904297
47.05984497 36.39410400 50.73236084
47.72142029 36.90234375 51.31793213
48.04901123 37.15390015 51.60656738
48.47937012 37.48425293 51.98291016
48.52069092 37.51580811 52.01696777
48.97732544 37.91445923 52.39331055
49.32742310 38.22454834 52.68188477
50.03778076 38.85958862 53.26745605
50.29653931 39.09381104 53.48077393
51.19635010 39.91604614 54.22259521
51.70881653 40.38662720 54.64514160
52.51728821 41.13299561 55.31176758
52.69778442 41.30212402 55.46063232
53.62072754 42.17840576 56.22174072
54.23133850 42.76034546 56.72528076
55.34371948 43.82385254 57.64270020
55.68658447 44.15350342 57.92547607
56.70765686 45.14114380 58.76763916
57.23999023 45.65802002 59.20672607
57.99331665 46.39334106 59.82812500
58.10671997 46.50674438 59.92169189
58.88708496 47.30511475 60.56555176
59.44256592 47.87603760 61.02392578
60.51379395 48.98071289 61.90795898
60.87652588 49.35665894 62.20727539
62.06222534 50.59124756 63.18579102
62.71582031 51.27349854 63.72515869
63.70877075 52.31311035 64.54461670
63.90628052 52.52197266 64.70764160
64.80790710 53.48571777 65.45184326
65.38322449 54.10293579 65.92675781
66.39932251 55.19656372 66.76556396
66.69496155 55.51678467 67.00958252
67.51831055 56.41546631 67.68933105
67.92843628 56.86557007 68.02795410
68.47209167 57.46722412 68.47680664
68.52798462 57.53283691 68.52301025
69.09265137 58.10299683 68.96667480
69.52075195 58.52609253 69.30078125
70.38311768 59.36627197 69.97070313
70.69418335 59.66333008 70.21093750
71.76733398 60.67144775 71.03540039
72.37609863 61.23846436 71.50195313
73.33218384 62.12054443 72.23254395
73.54290771 62.30953979 72.39227295
74.60830688 63.24047852 73.19366455
75.31080627 63.84942627 73.72082520
76.58697510 64.94833374 74.67669678
76.97836304 65.28128052 74.96881104
78.13749695 66.25411987 75.83081055
78.73962402 66.75500488 76.27752686
79.58766174 67.45184326 76.90454102
79.71240234 67.54821777 76.99530029
80.55142212 68.15502930 77.59527588
81.14585876 68.57876587 78.01879883
82.28826904 69.38439941 78.83068848
82.67303467 69.65121460 79.10302734
83.92477417 70.50570679 79.98559570
84.61291504 70.97131348 80.46972656
85.65499878 71.66888428 81.20104980
85.86006165 71.80117798 81.34375000
86.78509521 72.37271118 81.98120117
87.37289429 72.73028564 82.38488770
88.40725708 73.35070801 83.09307861
88.70605469 73.52490234 83.29644775
89.53076172 73.98837280 83.85345459
89.93885803 74.21142578 84.12756348
90.47451782 74.49151611 84.48419189
90.52554321 74.50854492 84.51574707
91.08221436 74.77288818 84.89855957
91.50833130 74.98248291 85.19519043
92.37203979 75.41668701 85.80090332
92.68624878 75.57928467 86.02355957
93.77763367 76.15693665 86.80297852
94.39889526 76.48944092 87.24853516
95.37837219 77.02014160 87.95397949
95.59667969 77.14250183 88.11322021
96.71121216 77.78573608 88.93511963
97.44822693 78.21469116 89.48040771
98.79043579 79.00134277 90.47607422
99.20385742 79.24664307 90.78424072
100.43415833 79.98634338 91.70593262
101.07525635 80.37506104 92.18786621
101.98197937 80.93110657 92.87243652
102.11807251 81.01899719 92.97729492
103.05178833 81.65158081 93.71142578
103.71604919 82.10589600 94.23577881
104.99650574 82.98773193 95.24951172
105.42979431 83.28924561 95.59399414
106.84530640 84.28363037 96.72406006
107.62532043 84.83441162 97.34814453
108.80986023 85.67599487 98.29846191
109.04516602 85.84657288 98.48883057
110.11781311 86.64122009 99.36511230
110.80191040 87.15176392 99.92584229
112.00961304 88.05895996 100.91857910
112.36067200 88.32600403 101.20880127
113.33740234 89.08039856 102.02172852
113.82351685 89.45999146 102.42834473
114.46720886 89.97087097 102.97076416
114.53282166 90.02919006 103.02905273
115.20277405 90.59262085 103.64501953
115.71141052 91.01722717 104.11462402
116.73689270 91.86917114 105.06408691
117.10725403 92.17480469 105.40832520
118.38623047 93.22454834 106.60064697
119.11213684 93.81869507 107.27844238
120.25283813 94.74946594 108.34533691
120.50468445 94.95312500 108.58203125
121.77980042 95.97586060 109.78588867
122.62091064 96.64883423 110.58105469
124.14952087 97.86936951 112.02777100
124.61863708 98.24255371 112.47265625
126.00897217 99.34411621 113.79394531
126.73156738 99.91513062 114.48162842
127.74990845 100.71691895 115.45263672
127.90016174 100.83316040 115.59716797
128.91398621 101.60342407 116.58160400
129.63272095 102.14739990 117.28088379
131.01469421 103.19046021 118.62725830
131.48049927 103.54049683 119.08203125
132.99687195 104.67550659 120.56542969
133.83081055 105.29830933 121.38208008
135.09426880 106.23937988 122.62097168
135.34327698 106.42318726 122.86621094
136.46846008 107.24526978 123.97967529
137.18389893 107.76611328 124.68890381
138.44348145 108.68017578 125.93933105
138.80770874 108.94281006 126.30200195
139.81436157 109.66290283 127.30798340
140.31298828 110.01748657 127.80761719
140.96842957 110.47937012 128.46704102
141.03161621 110.52069092 128.53271484
141.61877441 111.07711792 129.22363281
142.05888367 111.51275635 129.75030518
142.93875122 112.40844727 130.81481934
143.25280762 112.74053955 131.20062256
144.32707214 113.91119385 132.53662109
144.93380737 114.58251953 133.29595947
145.88201904 115.64962769 134.49108887
146.08802795 115.89294434 134.75616455
147.11598206 117.16007996 136.10375977
147.79107666 118.00285339 136.99371338
149.01344299 119.54495239 138.61279297
149.38609314 120.02398682 139.11059570
150.48242188 121.46255493 140.58880615
151.04946899 122.21656799 141.35809326
151.84333801 123.29139709 142.44409180
151.95674133 123.45864868 142.60571289
152.69657898 124.64602661 143.70520020
153.21731567 125.49650574 144.48608398
154.21331787 127.14408875 145.98931885
154.54626465 127.70582581 146.49707031
155.62199402 129.55342102 148.15277100
156.21109009 130.57534790 149.06427002
157.09902954 132.13418579 150.44689941
157.27101135 132.44839478 150.72045898
158.03289795 133.90368652 151.96221924
158.51396179 134.83685303 152.75292969
159.35560608 136.49212646 154.14709473
159.59594727 136.97778320 154.55133057
160.24978638 138.34432983 155.67236328
160.56988525 139.02998352 156.22900391
160.98300171 139.94900513 156.96350098
161.01702881 140.05105591 157.03637695
161.39865112 141.05410767 157.72882080
161.69171143 141.81179810 158.24945068
162.28704834 143.33439636 159.29241943
162.50424194 143.88179016 159.66577148
163.26034546 145.76516724 160.94592285
163.69123840 146.83212280 161.66979980
164.37145996 148.50520325 162.80261230
164.52359009 148.87234497 163.04974365
165.30285645 150.72100830 164.28735352
165.81863403 151.93844604 165.10107422
166.75866699 154.14790344 166.57586670
167.04862976 154.82429504 167.02624512
167.91276550 156.82344055 168.35375977
168.36349487 157.86061096 169.04125977
169.00181580 159.31872559 170.00543213
169.09820557 159.53134155 170.14434814
169.76353455 160.94892883 171.05895996
170.23742676 161.95138550 171.70404053
171.15173340 163.87527466 172.93957520
171.46153259 164.52189636 173.35351563
172.47488403 166.62138367 174.69390869
173.03366089 167.77432251 175.42883301
173.88293457 169.51797485 176.53814697
174.05209351 169.85958862 176.75408936
174.82546997 171.39292908 177.71612549
175.31921387 172.36560059 178.32482910
176.19161987 174.07452393 179.39172363
176.44566345 174.56663513 179.69750977
177.15399170 175.91972351 180.53332520
177.50708008 176.58740234 180.94390869
177.97570801 177.45991516 181.47680664
178.02430725 177.54011536 181.52294922
178.49819946 178.32334900 181.97186279
178.85580444 178.91448975 182.31042480
179.57388306 180.10176086 182.99023438
179.83178711 180.52827454 183.23425293
180.71844482 181.99484253 184.07305908
181.22055054 182.82539368 184.54791260
182.00753784 184.12731934 185.29211426
182.17999268 184.41270447 185.45520020
183.04737854 185.84841919 186.27465820
183.61837769 186.79362488 186.81408691
184.65434265 188.50862122 187.79260254
184.97131348 189.03341675 188.09191895
185.90759277 190.58377075 188.97589111
186.39315796 191.38786316 189.43426514
187.07540894 192.51779175 190.07818604
187.17462158 192.68222046 190.17175293
187.83436584 193.77615356 190.79309082
188.30062866 194.54937744 191.23217773
189.19511414 196.03285217 192.07434082
189.49554443 196.53118896 192.35717773
190.47041321 198.14843750 193.27453613
191.00558472 199.03631592 193.77813721
191.81462097 200.37866211 194.53930664
191.97291565 200.64137268 194.68811035
192.68225098 201.81909180 195.35473633
193.13198853 202.56585693 195.77722168
193.92172241 203.87733459 196.51904297
194.14892578 204.25469971 196.73236084
194.77282715 205.29129028 197.31793213
195.08041382 205.80242920 197.60656738
195.48178101 206.46963501 197.98291016
195.51823425 206.53039551 198.01690674
195.94061279 207.22911072 198.39331055
196.26620483 207.76725769 198.68188477
196.92913818 208.86236572 199.26745605
197.17175293 209.26289368 199.48071289
198.01852417 210.65991211 200.22253418
198.50170898 211.45684814 200.64514160
199.26550293 212.71623230 201.31164551
199.43701172 212.99877930 201.46044922
200.31851196 214.44982910 202.22161865
200.90255737 215.41102600 202.72521973
201.96789551 217.16397095 203.64263916
202.29699707 217.70529175 203.92541504
203.27935791 219.32061768 204.76757813
203.79229736 220.16384888 205.20666504
204.51971436 221.35928345 205.82812500
204.63027954 221.54072571 205.92163086
205.39822388 222.79919434 206.56555176
205.94589233 223.69644165 207.02392578
207.00350952 225.42881775 207.90795898
207.36238098 226.01644897 208.20727539
208.53768921 227.94046021 209.18579102
209.18623352 229.00198364 209.72515869
210.17274475 230.61639404 210.54461670
210.36978149 230.93862915 210.70764160
211.27331543 232.41539001 211.45184326
211.85075378 233.35894775 211.92675781
212.87199402 235.02737427 212.76550293
213.16990662 235.51390076 213.00952148
214.00233459 236.87269592 213.68933105
214.41793823 237.55087280 214.02795410
214.97084045 238.45263672 214.47680664
215.02917480 238.54739380 214.52294922
215.58207703 239.50167847 215.01916504
215.99768066 240.22486877 215.39831543
216.83010864 241.68121338 216.16577148
217.12802124 242.20631409 216.44458008
218.14926147 244.01730347 217.41162109
218.72669983 245.04446411 217.96179199
219.63024902 246.65734863 218.82849121
219.82727051 247.01266479 219.02130127
220.81378174 248.80821228 220.00378418
221.46232605 249.99192810 220.65313721
222.63763428 252.14212036 221.83520508
222.99650574 252.80140686 222.19903564
224.05412292 254.75350952 223.28076172
224.60179138 255.76744080 223.84417725
225.36973572 257.19512939 224.64038086
225.48030090 257.40490723 224.75946045
226.20771790 258.81457520 225.57360840
226.72065735 259.81307983 226.15246582
227.70303345 261.73175049 227.26763916
228.03213501 262.37780762 227.64465332
229.09747314 264.47909546 228.87561035
229.68151855 265.63415527 229.55364990
230.56300354 267.38302612 230.58282471
230.73452759 267.72698975 230.78698730
231.49832153 269.27777100 231.71582031
231.98149109 270.26306152 232.30786133
232.82824707 271.99649048 233.35253906
233.07089233 272.49700928 233.65588379
233.73381042 273.87802124 234.49865723
234.05940247 274.56121826 234.91772461
234.48178101 275.45748901 235.47192383
234.51823425 275.54254150 235.52783203
234.96162415 276.54385376 236.15026855
235.30522156 277.31707764 236.62792969
236.00717163 278.89315796 237.59759521
236.26522827 279.47085571 237.95104980
237.16900635 281.48941040 239.18103027
237.68563843 282.64190674 239.88171387
238.50387573 284.46493530 240.98754883
238.68862915 284.87506104 241.23461914
239.64257813 286.98623657 242.49932861
240.27551270 288.38568115 243.33618164
241.43130493 290.93930054 244.86120605
241.78907776 291.72869873 245.33142090
242.85934448 294.08682251 246.73217773
243.41894531 295.31869507 247.46270752
244.21405029 297.06677246 248.49682617
244.33595276 297.33325195 248.65277100
245.18957520 299.18936157 249.72741699
245.79934692 300.51382446 250.49267578
246.97830200 303.07263184 251.96875000
247.37907410 303.94137573 252.46875000
248.69372559 306.78829956 254.10369873
249.41981506 308.35971069 255.00506592
250.52545166 310.75091553 256.37475586
250.74705505 311.22909546 256.64733887
251.76715088 313.42477417 257.89294434
252.41992188 314.82861328 258.68792725
253.57572937 317.31243896 260.09234619
253.91365051 318.03756714 260.50115967
254.86044312 320.06567383 261.64031982
255.33404541 321.07891846 262.20794678
255.96598816 322.42831421 262.96093750
256.03402710 322.57168579 263.03875732
256.65545654 323.86331177 263.74450684
257.12005615 324.82702637 264.27160645
258.04733276 326.74783325 265.32299805
258.37753296 327.43054199 265.69702148
259.50482178 329.75753784 266.97314453
260.14086914 331.06939697 267.69287109
261.13375854 333.11535645 268.81591797
261.34875488 333.55712891 269.05883789
262.41815186 335.74908447 270.26550293
263.11981201 337.18609619 271.05688477
264.38922119 339.78421021 272.48822021
264.77566528 340.57415771 272.92370605
265.91067505 342.89123535 274.20202637
266.49710083 344.08734131 274.86224365
267.31689453 345.75735474 275.78466797
267.43310547 345.99264526 275.91503906
268.18536377 347.50509644 276.75646973
268.71392822 348.56616211 277.34722900
269.72354126 350.59060669 278.47509766
270.06033325 351.26477051 278.85107422
271.14648438 353.43521118 280.06250000
271.74063110 354.62139893 280.72491455
272.63500977 356.40496826 281.72155762
272.80749512 356.74752808 281.91339111
273.56744385 358.25003052 282.75695801
274.04638672 359.19534302 283.28820801
274.88290405 360.84384155 284.21533203
275.12097168 361.31152344 284.47882080
275.76574707 362.57315063 285.19116211
276.08032227 363.18682861 285.53833008
276.48419189 363.97082520 285.98291016
276.51580811 364.02914429 286.01690674
276.83038330 364.72387695 286.41955566
277.06845093 365.26104736 286.73059082
277.54739380 366.35681152 287.36492920
277.71984863 366.75891113 287.59753418
278.31402588 368.16506958 288.41070557
278.65081787 368.96823120 288.87506104
279.17938232 370.23931885 289.60974121
279.29562378 370.52566528 289.77514648
279.88204956 372.00125122 290.62683105
280.26849365 372.97973633 291.19152832
280.97012329 374.76568604 292.22204590
281.18511963 375.31805420 292.54064941
281.82116699 376.96893311 293.49267578
282.15136719 377.83166504 293.99011230
282.61596680 379.05642700 294.69604492
282.68402100 379.24353027 294.80377197
283.13961792 380.54937744 295.55474854
283.46209717 381.48153687 296.09082031
284.08145142 383.28292847 297.12646484
284.28982544 383.89480591 297.47814941
284.96701050 385.90072632 298.63085938
285.33911133 387.00817871 299.26721191
285.90222168 388.69381714 300.23559570
286.01278687 389.03118896 300.42926025
286.51028442 390.58175659 301.31921387
286.82614136 391.57345581 301.88818359
287.38153076 393.32852173 302.89526367
287.54171753 393.84118652 303.18933105
287.98300171 395.27600098 304.01196289
288.20104980 395.99316406 304.42309570
288.48663330 396.94894409 304.97082520
288.51336670 397.05102539 305.02905273
288.77795410 398.05404663 305.53466797
288.97799683 398.81176758 305.90979004
289.38024902 400.33435059 306.65441895
289.52499390 400.88174438 306.91760254
290.02334595 402.76513672 307.81054688
290.30578613 403.83209229 308.31274414
290.74884033 405.50515747 309.09375000
290.84616089 405.87231445 309.26098633
291.33682251 407.72094727 310.08447266
291.66003418 408.93841553 310.62304688
292.24676514 411.14785767 311.59484863
292.42648315 411.82421875 311.88916016
292.95791626 413.82339478 312.74902344
293.23373413 414.86056519 313.19171143
293.62164307 416.31866455 313.80737305
293.67834473 416.53128052 313.89233398
294.05728149 417.94888306 314.42694092
294.32537842 418.95132446 314.80017090
294.84008789 420.87524414 315.50952148
295.01318359 421.52185059 315.74438477
295.57546997 423.62133789 316.49621582
295.88436890 424.77429199 316.90582275
296.35165405 426.51794434 317.51928711
296.44332886 426.85955811 317.63549805
296.85531616 428.39288330 318.13708496
297.11682129 429.36557007 318.45068359
297.57638550 431.07449341 318.99468994
297.70886230 431.56658936 319.14733887
298.07345581 432.91967773 319.55297852
298.25347900 433.58737183 319.74798584
298.48907471 434.45989990 319.99255371
298.51092529 434.54010010 320.00714111
298.78326416 435.37057495 320.20971680
298.99484253 436.00225830 320.36877441
299.42770386 437.27731323 320.69635010
299.58715820 437.73852539 320.81811523
300.14654541 439.33343506 321.24804688
300.46655273 440.23922729 321.49481201
300.97384644 441.66366577 321.88745117
301.08865356 441.97882080 321.97723389
301.68276978 443.57754517 322.44580078
302.07717896 444.63275146 322.75756836
302.79779053 446.55126953 323.32849121
303.02105713 447.14056396 323.50598145
303.68957520 448.88867188 324.03961182
304.03936768 449.79779053 324.31945801
304.53671265 451.08001709 324.71868896
304.61328125 451.26995850 324.78106689
305.15115356 452.55667114 325.22534180
305.53564453 453.46963501 325.54376221
306.27941895 455.22613525 326.16094971
306.53244019 455.81872559 326.37158203
307.36303711 457.74948120 327.06463623
307.82196045 458.81182861 327.44805908
308.52108765 460.42224121 328.03326416
308.66140747 460.74023438 328.15142822
309.30844116 462.18017578 328.69934082
309.72271729 463.09646606 329.05084229
310.45654297 464.71072388 329.67468262
310.67129517 465.17810059 329.85778809
311.27368164 466.47198486 330.37377930
311.57525635 467.11364746 330.63281250
311.97811890 467.95867920 330.98046875
312.02185059 468.04129028 331.01928711
312.44573975 469.12261963 331.36694336
312.76531982 469.96688843 331.62597656
313.40670776 471.69970703 332.14184570
313.63690186 472.34072876 332.32507324
314.42776489 474.59649658 332.94885254
314.87548828 475.88900757 333.30041504
315.57696533 477.94155884 333.84826660
315.73052979 478.40838623 333.96643066
316.50210571 480.83395386 334.55163574
317.00988770 482.44616699 334.93518066
317.93096924 485.39468384 335.62823486
318.21264648 486.30975342 335.83880615
319.04431152 489.05505371 336.45599365
319.47549438 490.49307251 336.77441406
320.08105469 492.54119873 337.21868896
320.16894531 492.85873413 337.28106689
320.82025146 495.51461792 337.71179199
321.29067993 497.47357178 338.01867676
322.20733643 501.34753418 338.61077881
322.52264404 502.70913696 338.81140137
323.56793213 507.30725098 339.46789551
324.14859009 509.88693237 339.82983398
325.03881836 513.88769531 340.38006592
325.22119141 514.73724365 340.48974609
326.20733643 519.64672852 341.04956055
326.87020874 523.00531006 341.41979980
328.09365845 529.29113770 342.09411621
328.47946167 531.32031250 342.30187988
329.89199829 539.07385254 343.02886963
330.71694946 543.69042969 343.44427490
332.49160767 553.94970703 344.30377197
334.00000000 563.00000000 345.00000000
