0.00000000 28.37640381 0.00000000
2.20455933 26.98410034 2.20452881
4.74417114 25.42797852 4.73358154
5.90347290 24.73675537 5.88388062
7.86743164 23.58520508 7.82830811
8.39151001 23.28933716 8.34466553
10.03268433 22.38259888 9.95733643
10.91531372 21.90127563 10.82327271
12.21627808 21.20355225 12.09701538
12.44876099 21.08685303 12.32287598
13.56311035 20.54800415 13.40097046
14.28579712 20.20281982 14.09924316
15.58041382 19.59109497 15.34863281
15.96737671 19.41195679 15.72128296
17.08062744 18.90893555 16.79058838
17.64787292 18.65692139 17.33447266
18.42541504 18.31988525 18.07818604
18.52464294 18.28302002 18.17175293
19.18887329 18.05856323 18.79312134
19.65899658 17.90301514 19.23217773
20.56182861 17.60897827 20.07437134
20.86557007 17.51251221 20.35717773
21.85264587 17.20629883 21.27459717
22.39498901 17.04028320 21.77816772
23.21569824 16.79312134 22.53930664
23.37681580 16.74728394 22.68814087
24.10168457 16.55480957 23.35473633
24.56188965 16.43563843 23.77725220
25.37101746 16.23089600 24.51910400
25.60435486 16.17462158 24.73242188
26.24710083 16.02896118 25.31799316
26.56468201 15.96044922 25.60656738
26.98056030 15.87765503 25.98291016
27.01943970 15.87521362 26.01693726
27.38806152 15.85546875 26.37756348
27.66513062 15.84097290 26.65264893
28.22009277 15.81237793 27.20895386
28.41870117 15.80236816 27.41070557
29.09953308 15.76873779 28.10980225
29.48448181 15.74990845 28.50723267
30.08685303 15.72076416 29.13299561
30.21820068 15.71463013 29.27191162
30.87586975 15.68484497 29.97869873
31.30822754 15.66543579 30.44561768
32.09178162 15.63061523 31.29516602
32.33102417 15.62011719 31.55645752
33.03610229 15.58978271 32.33270264
33.40121460 15.57427979 32.73675537
33.91316223 15.55285645 33.30740356
33.98686981 15.54998779 33.39245605
34.47181702 15.53308105 33.97207642
34.81377411 15.52142334 34.38385010
35.46868896 15.49945068 35.17681885
35.68807983 15.49227905 35.44476318
36.39830780 15.46966553 36.31875610
36.78767395 15.45745850 36.79998779
37.37534332 15.43933105 37.53012085
37.48969269 15.43603516 37.67471313
37.99890137 15.42242432 38.33154297
38.32101440 15.41406250 38.74993896
38.88552856 15.39981079 39.48779297
39.04727173 15.39593506 39.70184326
39.48922729 15.38616943 40.29577637
39.70628357 15.38165283 40.59085083
39.98786926 15.37640381 40.98046875
40.01216888 15.37640381 41.01934814
40.28849792 15.35015869 41.48251343
40.50106812 15.32763672 41.84060669
40.93325806 15.27886963 42.57116699
41.09115601 15.25958252 42.83923340
41.64140320 15.18829346 43.77664185
41.95515442 15.14648438 44.31210327
42.45074463 15.07843018 45.15948486
42.56178284 15.06188965 45.35040283
43.13133240 14.97134399 46.33413696
43.50848389 14.91024780 46.98645020
44.19609070 14.79714966 48.17709351
44.40832520 14.76132202 48.54534912
45.04127502 14.65145874 49.64593506
45.37156677 14.59310913 50.22106934
45.83958435 14.50851440 51.03759766
45.91046143 14.49435425 51.16232300
46.40098572 14.38723755 52.03286743
46.75057983 14.30960083 52.65429688
47.42532349 14.15789795 53.85522461
47.65409851 14.10552979 54.26315308
48.40280151 13.93136597 55.60040283
48.81577301 13.83444214 56.33874512
49.44365692 13.68551636 57.46246338
49.56887054 13.65478516 57.68737793
50.14209747 13.50909424 58.72109985
50.50822449 13.41494751 59.38223267
51.15541077 13.24676514 60.55227661
51.34401703 13.19674683 60.89404297
51.87038422 13.05380249 61.85058594
52.13294983 12.98129272 62.32870483
52.48179626 12.88250732 62.96591187
52.51824951 12.87036133 63.03393555
52.93013000 12.75582886 63.77093506
53.24670410 12.66979980 64.33459473
53.89012146 12.49761963 65.47644043
54.12503052 12.43603516 65.89151001
54.94328308 12.22506714 67.33239746
55.40973663 12.10580444 68.15240479
56.14631653 11.91925049 69.44476318
56.31121826 11.87863159 69.73248291
57.15648651 11.67535400 71.20043945
57.71609497 11.54177856 72.17092896
58.73619843 11.29974365 73.93792725
59.05096436 11.22589111 74.48199463
59.98939514 11.00830078 76.10040283
60.47898865 10.89566040 76.94354248
61.17256927 10.73779297 78.13562012
61.27746582 10.71508789 78.31420898
62.00256348 10.56622314 79.53771973
62.51918030 10.46130371 80.40789795
63.51612854 10.26046753 82.08486938
63.85404205 10.19320679 82.65209961
64.95968628 9.97561646 84.50463867
65.56945801 9.85635376 85.52526855
66.49639130 9.67642212 87.07489014
66.68113708 9.64144897 87.38244629
67.52639771 9.48596191 88.78350830
68.06616211 9.38766479 89.67681885
69.02011871 9.21545410 91.25341797
69.29802704 9.16616821 91.71148682
70.07328033 9.03161621 92.98522949
70.45987701 8.96560669 93.61889648
70.97327423 8.88009644 94.45739746
71.02673340 8.87280273 94.54248047
71.53488159 8.79779053 95.36523438
71.91698456 8.74075317 95.98541260
72.68249512 8.62573242 97.22985840
72.95654297 8.58413696 97.67633057
73.89624023 8.44042969 99.21014404
74.42764282 8.35885620 100.07836914
75.25929260 8.23059082 101.43859863
75.44073486 8.20223999 101.73626709
76.34956360 8.05853271 103.23150635
76.94711304 7.96371460 104.21551514
78.03013611 7.79135132 106.00018311
78.36088562 7.73843384 106.54589844
79.33586121 7.58154297 108.15692139
79.84080505 7.49996948 108.99206543
80.54898071 7.38494873 110.16485596
80.65104675 7.36795044 110.33496094
81.32319641 7.25289917 111.46273804
81.79727173 7.17129517 112.25927734
82.70536804 7.01437378 113.78671265
83.00965118 6.96145630 114.29937744
83.99491882 6.78912354 115.96185303
84.53514099 6.69430542 116.87420654
85.35063171 6.55059814 118.25280762
85.50939178 6.52224731 118.52209473
86.21682739 6.39398193 119.72702026
86.66444397 6.31240845 120.49053955
87.44905853 6.16870117 121.83050537
87.67396545 6.12713623 122.21557617
88.28879547 6.01208496 123.27166748
88.59088135 5.95507813 123.79180908
88.98300171 5.88006592 124.46954346
89.01702118 5.87280273 124.53030396
89.51419067 5.77679443 125.41284180
89.90631104 5.70175171 126.10852051
90.71621704 5.54769897 127.54504395
91.01829529 5.49069214 128.08062744
92.08802795 5.28997803 129.97662354
92.70285797 5.17492676 131.06619263
93.68254852 4.99221802 132.80203247
93.90745544 4.95062256 133.20031738
95.08523560 4.73449707 135.28536987
95.86985016 4.59082031 136.67425537
97.30744934 4.32797241 139.21878052
97.75506592 4.24639893 140.01092529
99.10262299 4.00158691 142.39532471
99.81005859 3.87332153 143.64694214
100.82062531 3.69061279 145.43463135
100.97938538 3.66229248 145.71527100
102.11599731 3.46154785 147.72351074
102.93148041 3.31787109 149.16424561
104.51313782 3.03961182 151.95828247
105.05336761 2.94479370 152.91247559
106.83311462 2.63311768 156.05572510
107.81837463 2.46075439 157.79577637
109.32286072 2.19793701 160.45257568
109.62715149 2.14501953 160.98980713
111.04159546 1.90017700 163.48645020
111.94969177 1.74325562 165.08917236
113.56221771 1.46499634 167.93505859
114.03629303 1.38342285 168.77163696
115.37356567 1.15405273 171.13104248
116.04572296 1.03900146 172.31677246
116.94897461 0.88494873 173.90997314
117.05103302 0.86791992 174.08984375
117.99630737 0.77166748 175.70928955
118.70448303 0.70617676 176.91754150
120.11978149 0.58407593 179.32571411
120.62472534 0.54492188 180.18157959
122.35130310 0.42349243 183.09875488
123.32627869 0.35855103 184.74328613
124.84962463 0.26345825 187.30804443
125.18037415 0.24694824 187.86181641
126.82978058 0.18334961 190.60913086
127.91280365 0.14541626 192.41027832
129.87347412 0.08248901 195.66662598
130.47102356 0.06652832 196.65667725
132.22846985 0.02996826 199.56060791
133.13729858 0.01458740 201.05969238
134.40928650 0.00000000 203.15258789
134.59072876 0.00283813 203.44738770
135.77265930 0.05578613 205.34216309
136.60430908 0.09832764 206.67138672
138.19454956 0.18719482 209.20745850
138.72595215 0.22079468 210.05194092
140.44224548 0.34115601 212.77062988
141.38194275 0.41070557 214.25646973
142.79797363 0.52218628 216.49047852
143.07202148 0.54815674 216.91949463
144.28483582 0.68600464 218.80102539
145.05033875 0.77816772 219.98474121
146.38920593 0.94750977 222.04888916
146.77130127 1.00048828 222.63446045
147.80992126 1.16091919 224.21392822
148.31805420 1.24545288 224.98217773
148.97326660 1.36672974 225.96350098
149.02673340 1.38616943 226.03637695
149.66618347 1.68603516 226.81286621
150.16082764 1.92361450 227.40551758
151.17018127 2.41567993 228.60461426
151.54069519 2.59985352 229.03967285
152.83679199 3.25390625 230.54791260
153.57720947 3.63031006 231.40557861
154.74919128 4.23098755 232.75622559
155.01332092 4.36944580 233.05627441
156.37501526 5.09680176 234.58374023
157.27804565 5.58181763 235.59301758
158.92648315 6.47113037 237.42962646
159.43638611 6.74841309 237.99462891
160.96070862 7.58438110 239.67370605
161.75735474 8.02362061 240.54797363
162.88853455 8.65185547 241.78283691
163.06146240 8.75106812 241.96716309
164.26918030 9.46484375 243.22448730
165.13142395 9.97738647 244.11798096
166.79786682 10.97216797 245.83886719
167.36399841 11.31231689 246.42041016
169.22016907 12.43380737 248.31817627
170.24504089 13.05499268 249.36328125
171.80508423 14.00402832 250.94909668
172.11741638 14.19631958 251.26330566
173.55334473 15.09201050 252.69158936
174.47181702 15.66741943 253.60162354
176.09747314 16.68981934 255.20672607
176.57240295 16.99069214 255.67254639
177.90194702 17.84060669 256.96575928
178.56660461 18.26818848 257.60839844
179.45260620 18.84362793 258.45739746
179.54737854 18.90924072 258.54241943
180.44914246 19.57919312 259.39666748
181.12731934 20.08782959 260.04382324
182.48611450 21.11331177 261.34680176
182.97262573 21.48367310 261.81652832
184.64105225 22.76266479 263.43591309
185.58460999 23.48855591 264.35424805
187.06137085 24.62927246 265.79614258
187.38362122 24.88110352 266.11364746
188.99801636 26.15625000 267.71765137
190.05953979 26.99734497 268.77490234
191.98355103 28.52593994 270.69525146
192.57118225 28.99505615 271.28399658
194.30355835 30.38537598 273.02685547
195.20080566 31.10797119 273.93200684
196.45927429 32.12628174 275.20629883
196.64071655 32.27655029 275.39343262
197.83615112 33.29037476 276.64971924
198.67938232 34.00912476 277.53942871
200.29470825 35.39108276 279.24890137
200.83602905 35.85690308 279.82440186
202.58897400 37.37327576 281.69592285
203.55017090 38.20721436 282.72460938
205.00122070 39.47067261 284.28186035
205.28378296 39.71968079 284.58801270
206.54316711 40.84486389 285.96777344
207.34008789 41.56030273 286.84429932
208.73710632 42.81988525 288.38610840
209.13763428 43.18411255 288.83117676
210.23275757 44.19076538 290.05883789
210.77090454 44.68939209 290.66601563
211.46961975 45.34483337 291.46228027
211.53036499 45.40802002 291.53759766
212.17131042 46.08447266 292.33386230
212.65994263 46.60112000 292.94104004
213.64776611 47.64678955 294.16870117
214.00584412 48.02642822 294.61376953
215.24604797 49.34304810 296.15563965
215.95100403 50.09191895 297.03210449
217.06065369 51.27156067 298.41186523
217.30682373 51.53381348 298.71801758
218.55860901 52.86972046 300.27532959
219.38539124 53.75254822 301.30395508
220.88955688 55.35937500 303.17541504
221.35205078 55.85385132 303.75091553
222.72566223 57.32371521 305.46032715
223.44053650 58.08911133 306.35003662
224.44985962 59.17062378 307.60632324
224.60012817 59.33222961 307.79345703
225.62295532 60.43624878 309.06774902
226.34939575 61.22094727 309.97290039
227.74807739 62.73262024 311.71575928
228.22050476 63.24362183 312.30450439
229.76132202 64.91156006 314.22491455
230.60961914 65.83021545 315.28222656
231.89639282 67.22445679 316.88616943
232.15106201 67.50088501 317.20367432
233.30731201 68.75814819 318.64556885
234.04368591 69.55938721 319.56396484
235.34204102 70.97293091 321.18334961
235.71855164 71.38330078 321.65301514
236.76287842 72.52316284 322.95599365
237.28150940 73.08981323 323.60314941
237.96597290 73.83877563 324.45739746
238.03399658 73.91409302 324.54241943
238.68695068 74.68408203 325.40191650
239.17857361 75.26873779 326.05358887
240.16436768 76.44760132 327.36627197
240.51773071 76.87341309 327.83984375
241.73056030 78.34399414 329.47351074
242.41676331 79.17868042 330.40020752
243.49131775 80.49038696 331.85571289
243.72615051 80.78002930 332.17657471
244.90425110 82.24673462 333.79864502
245.67921448 83.21426392 334.86816406
247.08433533 84.97268677 336.81115723
247.51376343 85.51235962 337.40704346
248.78060913 87.11190796 339.17187500
249.43705750 87.94329834 340.08868408
250.35836792 89.11497498 341.37988281
250.49160767 89.28790283 341.56982422
251.37239075 90.45507813 342.84753418
251.99411011 91.28260803 343.75280762
253.18571472 92.87380981 345.49255371
253.58537292 93.41015625 346.07855225
254.88052368 95.15635681 347.98486328
255.59098816 96.11672974 349.03289795
256.66406250 97.57176208 350.61993408
256.87338257 97.85858154 350.93225098
257.80819702 99.15476990 352.34118652
258.40014648 99.97897339 353.23651123
259.43850708 101.43016052 354.81201172
259.73657227 101.84982300 355.26708984
260.55285645 103.00985718 356.52337646
260.95446777 103.58450317 357.14501953
261.47689819 104.33996582 357.96099854
261.52307129 104.41287231 358.03875732
261.99822998 105.18411255 358.82324219
262.35931396 105.77227783 359.41790771
263.08782959 106.96154785 360.61560059
263.35113525 107.39279175 361.04754639
264.26119995 108.88673401 362.53753662
264.77789307 109.73602295 363.38269043
265.59020996 111.07305908 364.70989990
265.76977539 111.36978149 365.00238037
266.67980957 112.87916565 366.48077393
267.28030396 113.87620544 367.45544434
268.37188721 115.69024658 369.22607422
268.70706177 116.24810791 369.76910400
269.70089722 117.90522766 371.37707520
270.21759033 118.76774597 372.21228027
270.94610596 119.98570251 373.38848877
271.05383301 120.16714478 373.56140137
271.78234863 121.40310669 374.72412109
272.29907227 122.28106689 375.54772949
273.29290771 123.97161865 377.13055420
273.62805176 124.54272461 377.66357422
274.71966553 126.40563965 379.39758301
275.32015991 127.43132019 380.35076904
276.23022461 128.98738098 381.79418945
276.40975952 129.29544067 382.07812500
277.22204590 130.69458008 383.35882568
277.73876953 131.58576965 384.17254639
278.64880371 133.15725708 385.60437012
278.91217041 133.61306763 386.01788330
279.64065552 134.87770081 387.15911865
280.00177002 135.50585938 387.72375488
280.47689819 136.33511353 388.46472168
280.52307129 136.41772461 388.53521729
280.95617676 137.25222778 389.21838379
281.28125000 137.88488770 389.73352051
281.93176270 139.15927124 390.76739502
282.16421509 139.61894226 391.13848877
282.96023560 141.20468140 392.41345215
283.41003418 142.10423279 393.13519287
284.11346436 143.51696777 394.26611328
284.26654053 143.82835388 394.51373291
285.03167725 145.40252686 395.75787354
285.53442383 146.44042969 396.57666016
286.44506836 148.32597351 398.06182861
286.72290039 148.90423584 398.51605225
287.54095459 150.61677551 399.85717773
287.96432495 151.50640869 400.55249023
288.55746460 152.75927734 401.52905273
288.64251709 152.94355774 401.67077637
289.19964600 154.18293762 402.61132813
289.59210205 155.06100464 403.27575684
290.34329224 156.74845886 404.54998779
290.59466553 157.31678772 404.97772217
291.40759277 159.16566467 406.36511230
291.85299683 160.18208313 407.12658691
292.52478027 161.72125244 408.27734375
292.65521240 162.02410889 408.50231934
293.23437500 163.39027405 409.50903320
293.60040283 164.25840759 410.14697266
294.24133301 165.78599548 411.26696777
294.42465210 166.22723389 411.58886719
294.92443848 167.44511414 412.47210693
295.16952515 168.04777527 412.90722656
295.48663330 168.83876038 413.47436523
295.51336670 168.91409302 413.52539063
295.76217651 169.81538391 414.09259033
295.94873047 170.51257324 414.52770996
296.32171631 171.93530273 415.41101074
296.45489502 172.45756531 415.73291016
296.91046143 174.28453064 416.85278320
297.16781616 175.32823181 417.49078369
297.57003784 176.98027039 418.49743652
297.65744019 177.35260010 418.72241211
298.09375000 179.27217102 419.87316895
298.38031006 180.54519653 420.63464355
298.89916992 182.86901855 422.02209473
299.05737305 183.58784485 422.44989014
299.52288818 185.73674011 423.72412109
299.76373291 186.85981750 424.38854980
300.10089111 188.45452881 425.32910156
300.14907837 188.69833374 425.47082520
300.46374512 190.40107727 426.44738770
300.68524170 191.61677551 427.14270020
301.10894775 193.96632385 428.48388672
301.25061035 194.76452637 428.93811035
301.70843506 197.38162231 430.42321777
301.95913696 198.82662964 431.24206543
302.33709717 201.02624512 432.48614502
302.41033936 201.46661377 432.73370361
302.73492432 203.49128723 433.86462402
302.93988037 204.78634644 434.58642578
303.29858398 207.07856750 435.86132813
303.40103149 207.74826050 436.23242188
303.67984009 209.62300110 437.26629639
303.81637573 210.56022644 437.78143311
303.99267578 211.80958557 438.46459961
304.00726318 211.94323730 438.53509521
304.14682007 213.31864929 439.27081299
304.25183105 214.36392212 439.83093262
304.46240234 216.47276306 440.96240234
304.53784180 217.23506165 441.37207031
304.79669189 219.86943054 442.78967285
304.94314575 221.36514282 443.59503174
305.17242432 223.71653748 444.86206055
305.22253418 224.23629761 445.14276123
305.47369385 226.87065125 446.56799316
305.63888550 228.60891724 447.50897217
305.93835449 231.76881409 449.22033691
306.02984619 232.73901367 449.74621582
306.29974365 235.61592102 451.30706787
306.43957520 237.11164856 452.11907959
306.63580322 239.22048950 453.26483154
306.66415405 239.53234863 453.43493652
306.85137939 241.64117432 454.58972168
306.98348999 243.13690186 455.40936279
307.23666382 246.01380920 456.98693848
307.32156372 246.98400879 457.51953125
307.59658813 250.14389038 459.25531006
307.74743652 251.88217163 460.21063232
307.97528076 254.51654053 461.65924072
308.01968384 255.03628540 461.94555664
308.21789551 257.38766479 463.24365234
308.34341431 258.88339233 464.07000732
308.56353760 261.51776123 465.52636719
308.62667847 262.28005981 465.94824219
308.79956055 264.38888550 467.11737061
308.88458252 265.43417358 467.69750977
308.99511719 266.80957031 468.46228027
309.00482178 266.94323730 468.53759766
309.05233765 268.39218140 469.31811523
309.08334351 269.50048828 469.91174316
309.13916016 271.74588013 471.11010742
309.15600586 272.56219482 471.54357910
309.20507813 275.39614868 473.04260254
309.23022461 277.00891113 473.89404297
309.26513672 279.55087280 475.23303223
309.26983643 280.11694336 475.52929688
309.28027344 283.00491333 477.03222656
309.28451538 284.91424561 478.02416992
309.28814697 288.39077759 479.82781982
309.28704834 289.46130371 480.38183594
309.27655029 292.64584351 482.02532959
309.26864624 294.30490112 482.88000488
309.25280762 296.65063477 484.08551025
309.24713135 297.00216675 484.26416016
309.18627930 299.41091919 485.47424316
309.13980103 301.12402344 486.33276367
309.04568481 304.42559814 487.98468018
309.01153564 305.54244995 488.54199219
308.89297485 309.19003296 490.35791016
308.82553101 311.19970703 491.35705566
308.71929932 314.25103760 492.87164307
308.69567871 314.85678101 493.17071533
308.57528687 317.61611938 494.52514648
308.49572754 319.37551880 495.38702393
308.35089111 322.48086548 496.90551758
308.30633545 323.38317871 497.34521484
308.17382813 325.89227295 498.56237793
308.10479736 327.14056396 499.16601563
308.00726318 328.79257202 499.96105957
307.99267578 328.96023560 500.03881836
307.79537964 330.64373779 500.78649902
307.64080811 331.91906738 501.34960938
307.32299805 334.48666382 502.47906494
307.20510864 335.41213989 502.88403320
306.78942871 338.60302734 504.27416992
306.55099487 340.41259766 505.06079102
306.17196655 343.25360107 506.29272461
306.08551025 343.87918091 506.56207275
305.63507080 347.03918457 507.91369629
305.33547974 349.12219238 508.80279541
304.78723145 352.90548706 510.41510010
304.61688232 354.06530762 510.90795898
304.10528564 357.49871826 512.36199951
303.83709717 359.28186035 513.11553955
303.45477295 361.79211426 514.17333984
303.39523315 362.16067505 514.32647705
302.97238159 364.63491821 515.33923340
302.66946411 366.38714600 516.05419922
302.08261108 369.75372314 517.42468262
301.88250732 370.88708496 517.88439941
301.22424316 374.57260132 519.37451172
300.86016846 376.59826660 520.19201660
300.30474854 379.66491699 521.42687988
300.19274902 380.26782227 521.66784668
299.67398071 382.98464966 522.74450684
299.34130859 384.71041870 523.42639160
298.75115967 387.74621582 524.62268066
298.57797241 388.62255859 524.96618652
298.09063721 391.03945923 525.90728760
297.84606934 392.23480225 526.37048340
297.51821899 393.80227661 526.97314453
297.48175049 393.95050049 527.02661133
297.19067383 395.30264282 527.55578613
296.97766113 396.31338501 527.95587158
296.55856323 398.33038330 528.76037598
296.41241455 399.04852295 529.04992676
295.92202759 401.49981689 530.04663086
295.64788818 402.88281250 530.61145020
295.22439575 405.04150391 531.49755859
295.13555908 405.50878906 531.69219971
294.70693970 407.83276367 532.67346191
294.42837524 409.35742188 533.31988525
293.92846680 412.11566162 534.49340820
293.77850342 412.95523071 534.85278320
293.34548950 415.42086792 535.91564941
293.12426758 416.69470215 536.46728516
292.81985474 418.47521973 537.24316406
292.78015137 418.72753906 537.35656738
292.54779053 420.35949707 538.11444092
292.38827515 421.50601196 538.65063477
292.08898926 423.69573975 539.68005371
291.99197388 424.42614746 540.02624512
291.68756104 426.78118896 541.15087891
291.52368164 428.06933594 541.76867676
291.28173828 430.00827026 542.70324707
291.23825073 430.38201904 542.88659668
291.06320190 432.02832031 543.71057129
290.95660400 433.06567383 544.23352051
290.77642822 434.87722778 545.15270996
290.72854614 435.39263916 545.41760254
290.61083984 436.78811646 546.14678955
290.55780029 437.46881104 546.50689697
290.49877930 438.34234619 546.97802734
290.50119019 438.41040039 547.02172852
290.49993896 439.14739990 547.50335693
290.49642944 439.71102905 547.87243652
290.48602295 440.85290527 548.62121582
290.48059082 441.26800537 548.89379883
290.45721436 442.70892334 549.84143066
290.44259644 443.52890015 550.38110352
290.41729736 444.82125854 551.23229980
290.41021729 445.10900879 551.42224121
290.36752319 446.57696533 552.39312744
290.33801270 447.54742432 553.03527832
290.28240967 449.31439209 554.20520020
290.26422119 449.85848999 554.56567383
290.20663452 451.47692871 555.63903809
290.17547607 452.32006836 556.19860840
290.12924194 453.51208496 556.99023438
290.12072754 453.69070435 557.10937500
290.05194092 454.91424561 557.92803955
290.00152588 455.78439331 558.51074219
289.90216064 457.46133423 559.63427734
289.86743164 458.02856445 560.01464844
289.75070190 459.88110352 561.25781250
289.68536377 460.90173340 561.94299316
289.58435059 462.45132446 562.98388672
289.56311035 462.75891113 563.19079590
289.46014404 464.15997314 564.13513184
289.39318848 465.05328369 564.73767090
289.27285767 466.62988281 565.80175781
289.23669434 467.08798218 566.11120605
289.13211060 468.36169434 566.97290039
289.07861328 468.99536133 567.40209961
289.00482178 469.83383179 567.97076416
288.99511719 469.91888428 568.02905273
288.81103516 471.03051758 568.51892090
288.66302490 471.89825439 568.88055420
288.35357666 473.67916870 569.59594727
288.23638916 474.33792114 569.84753418
287.81671143 476.65585327 570.69775391
287.57415771 477.98391724 571.17480469
287.18533325 480.09283447 571.91497803
287.09460449 480.57241821 572.07226563
286.61318970 483.06399536 572.84143066
286.29125977 484.72003174 573.34338379
285.69958496 487.74862671 574.24731445
285.51437378 488.68850708 574.52014160
284.95355225 491.50805664 575.31408691
284.65808105 492.98495483 575.72167969
284.23400879 495.08834839 576.28662109
284.16595459 495.41436768 576.36315918
283.56478882 498.14053345 576.84936523
283.11755371 500.15121460 577.18939209
282.22787476 504.12734985 577.83703613
281.91256714 505.52478027 578.05200195
280.84027100 510.24368286 578.74206543
280.23645020 512.89105225 579.11853027
279.29608154 516.99670410 579.68347168
279.09387207 517.86853027 579.79125977
277.89923096 522.90563965 580.28894043
277.07751465 526.35137939 580.60791016
275.53302002 532.80017090 581.17309570
275.03091431 534.88195801 581.33874512
273.08886719 542.83544922 581.85827637
271.92636108 547.57104492 582.13806152
269.32055664 558.09405518 582.65185547
267.00000000 567.37640381 583.00000000
