0.00000000 0.00000000 0.00000000
1.74043846 6.96179199 2.66857910
3.71580124 14.86322021 5.69360352
4.60568810 18.42276001 7.05480957
6.10124397 24.40496826 9.34082031
6.49326324 25.97308350 9.93902588
7.70864487 30.83465576 11.79217529
8.35838509 33.43359375 12.78234863
9.30880165 37.23522949 14.22967529
9.47370338 37.89483643 14.48010254
10.25144005 41.00579834 15.65936279
10.75317001 43.01272583 16.41973877
11.64786339 46.59149170 17.77502441
11.91301346 47.65209961 18.17633057
12.66814995 50.67266846 19.31805420
13.05025864 52.20111084 19.89538574
13.56881714 54.27532959 20.67810059
13.63118649 54.52481079 20.77166748
14.03494644 56.13983154 21.37506104
14.31865692 57.27465820 21.79870605
14.86059761 59.44244385 22.60742188
15.04140663 60.16564941 22.87701416
15.62450600 62.49804688 23.74554443
15.94349670 63.77404785 24.22045898
16.42369652 65.69482422 24.93493652
16.51630592 66.06524658 25.07244873
16.92447662 67.69793701 25.67687988
17.18172646 68.72692871 26.05755615
17.63105774 70.52426147 26.72186279
17.75894737 71.03582764 26.91064453
18.10537720 72.42153931 27.42083740
18.27442551 73.09774780 27.66943359
18.49149704 73.96600342 27.98785400
18.50850677 74.03405762 28.01214600
18.65204620 74.70272827 28.20971680
18.75806999 75.20785522 28.35473633
18.96794319 76.22293091 28.64056396
19.04181099 76.58786011 28.74060059
19.29155731 77.84347534 29.07702637
19.43175888 78.55477905 29.26531982
19.64934921 79.67016602 29.55670166
19.69565392 79.91491699 29.61816406
19.92224884 81.14736938 29.91595459
20.07016754 81.95898438 30.10980225
20.33663559 83.43197632 30.45819092
20.41711807 83.88287354 30.56292725
20.65143013 85.21563721 30.86627197
20.77178574 85.90710449 31.02154541
20.93866158 86.87915039 31.23571777
20.96134186 87.02093506 31.26409912
21.10120583 87.96597290 31.43328857
21.19841003 88.63427734 31.54998779
21.38255692 89.91690063 31.76977539
21.44319534 90.34796143 31.84143066
21.63634682 91.74761963 32.06756592
21.74126816 92.51626587 32.18975830
21.89785385 93.67868042 32.37091064
21.92714882 93.90643311 32.40393066
22.05157852 94.92864990 32.54010010
22.12893677 95.57711792 32.62371826
22.26237106 96.71636963 32.76623535
22.29938316 97.04443359 32.80487061
22.39624977 97.94650269 32.90240479
22.44226456 98.39163208 32.94744873
22.49878693 98.97329712 33.00000000
22.50121689 99.02673340 33.00000000
22.58399773 99.60317993 33.12603760
22.65252304 100.04382324 33.23406982
22.79816055 100.93612671 33.46813965
22.85446548 101.26034546 33.56072998
23.05917931 102.38537598 33.90283203
23.17834091 103.02545166 34.10351563
23.37083435 104.03405762 34.43023682
23.41666794 104.25851440 34.50958252
23.66382599 105.40283203 34.94433594
23.82984543 106.15924072 35.23760986
24.13607788 107.53628540 35.78039551
24.23254776 107.96020508 35.95239258
24.52656174 109.22082520 36.47973633
24.68210602 109.87747192 36.75976563
24.90657425 110.80560303 37.16589355
24.94342804 110.94451904 37.23388672
25.21741486 111.89514160 37.74804688
25.41540527 112.57107544 38.12072754
25.80138779 113.87350464 38.84875488
25.93423843 114.31396484 39.10009766
26.37488556 115.75210571 39.93615723
26.61973381 116.54434204 40.40142822
26.99524117 117.74697876 41.11621094
27.07225800 117.98559570 41.26361084
27.43554878 119.07183838 41.96295166
27.66992188 119.76431274 42.41503906
28.08787537 120.98626709 43.22241211
28.21175003 121.34118652 43.46240234
28.56456375 122.32763672 44.14849854
28.74310493 122.81826782 44.49658203
28.98542023 123.46719360 44.97076416
29.01457977 123.53280640 45.02911377
29.32517433 124.34982300 45.65551758
29.56223869 124.98449707 46.13415527
30.04185677 126.28311157 47.10314941
30.21589279 126.76153564 47.45507813
30.81917572 128.43966675 48.67590332
31.16223717 129.39965820 49.37036133
31.70249176 130.92153931 50.46453857
31.82250595 131.26599121 50.70788574
32.43350601 133.04830933 51.94799805
32.83720398 134.23156738 52.76763916
33.57186890 136.39343262 54.25958252
33.79788208 137.06320190 54.71875000
34.46951675 139.06878662 56.08398438
34.81919098 140.11810303 56.79498291
35.31314468 141.61019897 57.79980469
35.38685226 141.83981323 57.95007324
35.88980865 143.45346069 58.97741699
36.24720001 144.60696411 59.70770264
36.93556213 146.83828735 61.11474609
37.16819000 147.59735107 61.59045410
37.92729187 150.08914185 63.14355469
38.34532166 151.46588135 63.99896240
38.97965622 153.56326294 65.29742432
39.10533905 153.98425293 65.55493164
39.67665100 155.92535400 66.72668457
40.04065704 157.16815186 67.47357178
40.68271255 159.36968994 68.79132080
40.86903381 160.01394653 69.17395020
41.38632202 161.82107544 70.23718262
41.64338684 162.72579956 70.76580811
41.98298645 163.93438721 71.46472168
42.01700592 164.06561279 71.53521729
42.33034897 165.37927246 72.17639160
42.56490326 166.37402344 72.65551758
43.03342438 168.37625122 73.61132813
43.20045090 169.09765625 73.95153809
43.77122498 171.58435059 75.11242676
44.09342957 172.99438477 75.76733398
44.59667587 175.20773315 76.78930664
44.70582581 175.69488525 77.01049805
45.24958801 178.15454102 78.10968018
45.60652161 179.77568054 78.83068848
46.25254059 182.71978760 80.13500977
46.44933319 183.62219238 80.53186035
47.02782440 186.29296875 81.69720459
47.32687759 187.67984009 82.29919434
47.74523163 189.63188171 83.14038086
47.80476379 189.91821289 83.25946045
48.19160461 191.83874512 84.02862549
48.46364594 193.19859314 84.56884766
48.98361206 195.81085205 85.60046387
49.15725708 196.69010925 85.94445801
49.71774292 199.54869080 87.05316162
50.02451324 201.11965942 87.65954590
50.48659515 203.49763489 88.57202148
50.57589722 203.96493530 88.74780273
50.97045517 206.06958008 89.52136230
51.21934509 207.40626526 90.00872803
51.65441895 209.75723267 90.85949707
51.77845001 210.43566895 91.10137939
52.11512756 212.30604553 91.75592041
52.27967453 213.23080444 92.07495117
52.49149323 214.44290161 92.48413086
52.50849915 214.55712891 92.51568604
52.72557068 215.83752441 92.90905762
52.89462280 216.82080078 93.21459961
53.24105072 218.81799316 93.83984375
53.36894226 219.54656982 94.07019043
53.81827164 222.08287048 94.87817383
54.07552338 223.52824402 95.34045410
54.48369217 225.80987549 96.07318115
54.57630157 226.32017517 96.23901367
55.05649948 228.93365479 97.09722900
55.37548828 230.66348267 97.66693115
55.95859146 233.81607056 98.70782471
56.13940048 234.78846741 99.03027344
56.68134308 237.68640137 99.99591064
56.96504974 239.19790649 100.50115967
57.36881256 241.33842468 101.21960449
57.43118286 241.66162109 101.33013916
57.87095642 243.89215088 102.10711670
58.18553925 245.48086548 102.66247559
58.79436493 248.54598999 103.73687744
59.00163269 249.58454895 104.10235596
59.68248749 252.98153687 105.30212402
60.05880737 254.85467529 105.96496582
60.63235092 257.70150757 106.97485352
60.74764252 258.26849365 107.17749023
61.28002548 260.86065674 108.11212158
61.62106705 262.51550293 108.71051025
62.22547913 265.43954468 109.77050781
62.40251160 266.29098511 110.08068848
62.89962006 268.66485596 110.95080566
63.14867783 269.84814453 111.38641357
63.48177338 271.41864014 111.96826172
63.51822281 271.58142090 112.03149414
63.86182022 273.06259155 112.59759521
64.11988831 274.16937256 113.01965332
64.63649750 276.37741089 113.86053467
64.82124329 277.16326904 114.15917969
65.45417786 279.84490967 115.17639160
65.81193542 281.35763550 115.74969482
66.37154388 283.71838379 116.64343262
66.49345398 284.22915649 116.83624268
67.10322571 286.76806641 117.79174805
67.50398254 288.43347168 118.41796875
68.23007202 291.44598389 119.54986572
68.45167542 292.36270142 119.89379883
69.10444641 295.05429077 120.90228271
69.44235992 296.44464111 121.42266846
69.91597748 298.38751221 122.14880371
69.98401642 298.66250610 122.25091553
70.43061829 300.43884277 122.90502930
70.74538422 301.68640137 123.36370850
71.34799194 304.06866455 124.23840332
71.54974365 304.86300659 124.52941895
72.20252228 307.42340088 125.46582031
72.56027985 308.82366943 125.97741699
73.10005188 310.93081665 126.74621582
73.20494080 311.33670044 126.89361572
73.67139435 313.12295532 127.53894043
73.96630859 314.24813843 127.94458008
74.48292542 316.21252441 128.65167236
74.63081360 316.77111816 128.85205078
75.03442383 318.28228760 129.39154053
75.23248291 319.01901245 129.65362549
75.48905945 319.96356201 129.98773193
75.51092529 320.03646851 130.01202393
75.73074341 320.89697266 130.28314209
75.89729309 321.56167603 130.49121094
76.23262024 322.91677856 130.91363525
76.35350037 323.41363525 131.06768799
76.77032471 325.14990234 131.60369873
77.00671387 326.14135742 131.90905762
77.37786865 327.70977783 132.39105225
77.45960999 328.06274414 132.49877930
77.87257385 329.88006592 133.05017090
78.14480591 331.08483887 133.41510010
78.63925934 333.28335571 134.08007813
78.79084778 333.96304321 134.28515625
79.23964691 335.99371338 134.89611816
79.47273254 337.05459595 135.21472168
79.80088806 338.56018066 135.66589355
79.84909058 338.78982544 135.73394775
80.17274475 340.38998413 136.20306396
80.40197754 341.53189087 136.53710938
80.84240723 343.73812866 137.18151855
80.99069214 344.48727417 137.39984131
81.47293091 346.94241333 138.11370850
81.73799133 348.29766846 138.50732422
82.13928986 350.36001587 139.10546875
82.21819305 350.77252197 139.22448730
82.57382965 352.66702271 139.76855469
82.79975128 353.87838745 140.11584473
83.19718170 356.02178955 140.72937012
83.31192017 356.64758301 140.90802002
83.62841797 358.39822388 141.40576172
83.78495789 359.27294922 141.65380859
83.99026489 360.43804932 141.98291016
84.00971222 360.56195068 142.01690674
84.20451355 361.82684326 142.38806152
84.35205078 362.78710938 142.67211914
84.64904022 364.72305298 143.24792480
84.75605774 365.42218018 143.45739746
85.12498474 367.83645630 144.18493652
85.33418274 369.20666504 144.59912109
85.66259003 371.35983276 145.25207520
85.73487854 371.83517456 145.39764404
86.09994507 374.24169922 146.14062500
86.34056854 375.82913208 146.63201904
86.77757263 378.71398926 147.52685547
86.91152191 379.59927368 147.80242920
87.30801392 382.22302246 148.62261963
87.51390076 383.58663940 149.05004883
87.80372620 385.50823975 149.65454102
87.84625244 385.79174805 149.74523926
88.13156891 387.70437622 150.36779785
88.33360291 389.06027222 150.81060791
88.72172546 391.66729736 151.66424561
88.85237122 392.54595947 151.95312500
89.27716064 395.40637207 152.89672852
89.51062012 396.97946167 153.41674805
89.86401367 399.36267090 154.20642090
89.93347168 399.83233643 154.36334229
90.24635315 401.95443726 155.07843018
90.44506836 403.30371094 155.53442383
90.79460907 405.67919922 156.33953857
90.89549255 406.36605835 156.57360840
91.17364502 408.26434326 157.22473145
91.31118011 409.20458984 157.54882813
91.49148560 410.44046021 157.97802734
91.50849915 410.55953979 158.02172852
91.65728760 411.75338745 158.55065918
91.76781464 412.65762329 158.96032715
91.98744202 414.47787476 159.79675293
92.06517029 415.13388062 160.10412598
92.32917786 417.39532471 161.18017578
92.47773743 418.67770386 161.79504395
92.70893860 420.69088745 162.76873779
92.75854492 421.13409424 162.98846436
93.00325775 423.37240601 164.12231445
93.16339111 424.84771729 164.87451172
93.45247650 427.52719116 166.24792480
93.54013062 428.34857178 166.67285156
93.79641724 430.77978516 167.94403076
93.92844391 432.04232788 168.60858154
94.11224365 433.81958008 169.55261230
94.13775635 434.08041382 169.69714355
94.29904175 435.83065796 170.70867920
94.41177368 437.07003784 171.43109131
94.62625122 439.45111084 172.82763672
94.69735718 440.25262451 173.30224609
94.92533875 442.85879517 174.85894775
95.04965210 444.29110718 175.71862793
95.23602295 446.45941162 177.02752686
95.27145386 446.88558960 177.28979492
95.42502594 448.80563354 178.49645996
95.52121735 450.02517700 179.26843262
95.68829346 452.17031860 180.63525391
95.73530579 452.78942871 181.03472900
95.86076355 454.49670410 182.15368652
95.92127991 455.34091187 182.71331787
95.99755859 456.44775391 183.45971680
96.00241852 456.55224609 183.53991699
96.00515747 457.70108032 184.32849121
96.00265503 458.58132935 184.92407227
95.99155426 460.36660767 186.12109375
95.98454285 461.01663208 186.55151367
95.95204163 463.27578735 188.03228760
95.93118286 464.56222534 188.87121582
95.89417267 466.59115601 190.18676758
95.88330841 467.04382324 190.47546387
95.81607056 469.35702515 191.92932129
95.76930237 470.88711548 192.88671875
95.68065643 473.67419434 194.62438965
95.65144348 474.53305054 195.15637207
95.55829620 477.08990479 196.72863770
95.50766754 478.42263794 197.54437256
95.43206787 480.30822754 198.69122314
95.41789246 480.59173584 198.85852051
95.30178070 482.54037476 199.97387695
95.21643066 483.92712402 200.76263428
95.04803467 486.60104370 202.27642822
94.98905182 487.50619507 202.78521729
94.79043579 490.46435547 204.43731689
94.67917633 492.09475708 205.34454346
94.50692749 494.57131958 206.71667480
94.47054291 495.06365967 206.98559570
94.29379272 497.30999756 208.19238281
94.17867279 498.74304199 208.95800781
93.97169495 501.27362061 210.30310059
93.90940857 502.00961304 210.69049072
93.72880554 504.05859375 211.75573730
93.63628387 505.07885742 212.28131104
93.50850677 506.43072510 212.96826172
93.49149323 506.56924438 213.03149414
93.33219147 507.92114258 213.63964844
93.21266174 508.94140625 214.09777832
92.97352600 510.99035645 215.01666260
92.88808441 511.72634888 215.34619141
92.59556580 514.25695801 216.47747803
92.43028259 515.69000244 217.11767578
92.17185211 517.93627930 218.12036133
92.11562347 518.42864990 218.33953857
91.83468628 520.90521240 219.43994141
91.65011597 522.53564453 220.16394043
91.31579590 525.49377441 221.47674561
91.21381378 526.39892578 221.87805176
90.91357422 529.07281494 223.06225586
90.75821686 530.45959473 223.67602539
90.54058075 532.40820313 224.53759766
90.50939941 532.69171143 224.66235352
90.30526733 534.57733154 225.48785400
90.16148376 535.91009521 226.07067871
89.88633728 538.46691895 227.18804932
89.79427338 539.32580566 227.56286621
89.49661255 542.11285400 228.77795410
89.33354187 543.64294434 229.44458008
89.08760071 545.95617676 230.45166016
89.03988647 546.40881348 230.64819336
88.82803345 548.43774414 231.52667236
88.69416809 549.72418213 232.08306885
88.45981598 551.98333740 233.05920410
88.39279938 552.63336182 233.33953857
88.21016693 554.41864014 234.10772705
88.12064362 555.29888916 234.48583984
88.00485229 556.44775391 234.97802734
87.99513245 556.55224609 235.02172852
87.89510345 557.67480469 235.55065918
87.81908417 558.53253174 235.96032715
87.66571045 560.26904297 236.79681396
87.61027527 560.89978027 237.10418701
87.41867828 563.08764648 238.18017578
87.30989838 564.33227539 238.79504395
87.13888550 566.29315186 239.76879883
87.10108948 566.72930908 239.98852539
86.90950012 568.95190430 241.12237549
86.78308105 570.42089844 241.87451172
86.55326843 573.09490967 243.24792480
86.48271179 573.91796875 243.67291260
86.27348328 576.36486816 244.94403076
86.16470337 577.63928223 245.60858154
86.01133728 579.44030762 246.55249023
85.98865509 579.70959473 246.69708252
85.83528137 581.55114746 247.70855713
85.72650146 582.86029053 248.43090820
85.51727295 585.38250732 249.82751465
85.44671631 586.23529053 250.30218506
85.21690369 589.01928711 251.85888672
85.09048462 590.55273438 252.71856689
84.89889526 592.88037109 254.02746582
84.86109161 593.34204102 254.28967285
84.69007874 595.44262695 255.49633789
84.58130646 596.78149414 256.26837158
84.38970947 599.14392090 257.63513184
84.33427429 599.82989502 258.03460693
84.18090057 601.73590088 259.15356445
84.10487366 602.68365479 259.71325684
84.00485229 603.93676758 260.45971680
83.99513245 604.06311035 260.53991699
83.99488831 605.57360840 261.28643799
84.00440979 606.74194336 261.84606934
84.03636169 609.12591553 262.96508789
84.05424500 610.00097656 263.36456299
84.13351440 613.06188965 264.73132324
84.18357849 614.81048584 265.50335693
84.27121735 617.57812500 266.70996094
84.29625702 618.20178223 266.97222900
84.44885254 621.41711426 268.28112793
84.55459595 623.54931641 269.14074707
84.75450134 627.44152832 270.69750977
84.82009888 628.64544678 271.17211914
85.02836609 632.24438477 272.56866455
85.14128113 634.12524414 273.29113770
85.30939484 636.79583740 274.30261230
85.34057617 637.20410156 274.44714355
85.67301178 640.53796387 275.48565674
85.92677307 642.98736572 276.23120117
86.44020081 647.81811523 277.67797852
86.62652588 649.50933838 278.17236328
87.27243042 655.20184326 279.80236816
87.63975525 658.38989258 280.70507813
88.21823120 663.32427979 282.08398438
88.34674835 664.36566162 282.36328125
89.14742279 670.31829834 283.83862305
89.70520020 674.37915039 284.82403564
90.76376343 681.96276855 286.63317871
91.11333466 684.40216064 287.19848633
92.50160217 693.66333008 289.23303223
93.34197235 699.16210938 290.41162109
95.25955963 711.32531738 292.91137695
97.00000000 722.00000000 295.00000000
