115.00000000,-520.00000000,698.00000000
115.34808350,-517.09924316,702.06097412
115.70953369,-513.44287109,706.69464111
115.85870361,-511.64758301,708.79199219
116.09538269,-508.47869873,712.32714844
116.14909363,-507.55780029,713.25988770
116.30093384,-504.54370117,716.16235352
116.37736511,-502.88110352,717.71740723
116.48033142,-500.35327148,719.99859619
116.49214172,-499.84912109,720.39880371
116.53175354,-497.29693604,722.29803467
116.55389404,-495.61352539,723.52575684
116.58808899,-492.55429077,725.71893311
116.59526062,-491.61547852,726.37103271
116.60565186,-488.83343506,728.23559570
116.60739136,-487.38763428,729.18164063
116.60281372,-485.35021973,730.47058105
116.59714508,-485.04968262,730.62933350
116.54080200,-482.89147949,731.67138672
116.49816895,-481.34210205,732.40582275
116.41241455,-478.33569336,733.81188965
116.38154602,-477.30816650,734.28265381
116.27522278,-473.92105103,735.80578613
116.21495056,-472.04534912,736.64056396
116.12037659,-469.18005371,737.90002441
116.09959412,-468.59982300,738.14477539
115.99472809,-465.89916992,739.23315430
115.92563629,-464.16455078,739.92126465
115.80020142,-461.08319092,741.12670898
115.76176453,-460.17663574,741.47180176
115.64808655,-457.61712646,742.41351318
115.58908081,-456.32983398,742.87567139
115.50605774,-454.59832764,743.47436523
115.49391174,-454.40155029,743.52539063
115.43190002,-452.53875732,744.09783936
115.39089966,-451.13885498,744.53747559
115.31623077,-448.33551025,745.43041992
115.29322815,-447.33251953,745.75622559
115.22480774,-443.89474487,746.89038086
115.18916321,-441.95111084,747.53668213
115.13876343,-438.91015625,748.55700684
115.13119507,-438.24722290,748.78521729
115.10908508,-434.92907715,749.95410156
115.09770203,-432.74786377,750.72784424
115.08183289,-428.79534912,752.13787842
115.07963562,-427.58865356,752.57275391
115.08177185,-424.03292847,753.86901855
115.08581543,-422.19186401,754.54510498
115.09715271,-419.61065674,755.50256348
115.10281372,-419.23925781,755.64721680
115.16816711,-416.79760742,756.64514160
115.21852112,-415.07611084,757.35595703
115.32098389,-411.77954102,758.72741699
115.35847473,-410.67541504,759.19213867
115.48925018,-407.10165405,760.71228027
115.56385803,-405.14260864,761.55041504
115.68176270,-402.18618774,762.82434082
115.70822144,-401.61114502,763.07806396
115.84413147,-399.05151367,764.23809814
115.93416595,-397.43261719,764.97875977
116.09837341,-394.59582520,766.28735352
116.14909363,-393.78320313,766.66833496
116.30044556,-391.56369019,767.73083496
116.37945557,-390.47387695,768.26049805
116.49148560,-389.06069946,768.96350098
116.50849915,-388.93920898,769.03637695
116.67304993,-387.82012939,769.69201660
116.79708862,-386.98242188,770.18115234
117.04597473,-385.30914307,771.15588379
117.13526917,-384.71264648,771.50219727
117.44203186,-382.67413330,772.68249512
117.61567688,-381.52343750,773.34783936
117.88772583,-379.72613525,774.38537598
117.94726563,-379.33630371,774.60937500
118.24631500,-377.39428711,775.72027588
118.44309998,-376.11953735,776.44848633
118.80003357,-373.81231689,777.76489258
118.90918732,-373.10946655,778.16510010
119.23139191,-371.04345703,779.33874512
119.39842224,-369.97540283,779.94458008
119.63298035,-368.48129272,780.79028320
119.66699982,-368.26867676,780.90942383
119.89255524,-366.88708496,781.67407227
120.05186462,-365.91552734,782.21044922
120.35735321,-364.05847168,783.23364258
120.45988464,-363.43832397,783.57434082
120.79237366,-361.43658447,784.67083740
120.97483826,-360.34097290,785.27001953
121.25054932,-358.69067383,786.17089844
121.30441284,-358.37173462,786.34375000
121.54541016,-356.96261597,787.10186768
121.69810486,-356.07373047,787.57867432
121.96610260,-354.51989746,788.41003418
122.04312134,-354.07693481,788.64587402
122.25434875,-352.87451172,789.28149414
122.35836792,-352.28683472,789.59063721
122.49391174,-351.53033447,789.98529053
122.50605774,-351.46957397,790.01440430
122.64160156,-350.83389282,790.34606934
122.74563599,-350.34979248,790.60107422
122.95684814,-349.37170410,791.11968994
123.03385925,-349.01748657,791.30920410
123.30185699,-347.79156494,791.96948242
123.45455933,-347.09494019,792.34600830
123.69554901,-345.99890137,792.94067383
123.74941254,-345.75604248,793.07391357
124.02513123,-344.52236938,793.75732422
124.20759583,-343.70782471,794.20996094
124.54009247,-342.22625732,795.03515625
124.64262390,-341.77090454,795.28979492
124.94810486,-340.41925049,796.04931641
125.10742188,-339.71606445,796.44567871
125.33297729,-338.72363281,797.00732422
125.36700439,-338.57623291,797.09240723
125.60156250,-337.57479858,797.68103027
125.76858521,-336.86389160,798.10046387
126.09078979,-335.49554443,798.91015625
126.19993591,-335.03359985,799.18469238
126.55686951,-333.52761841,800.08312988
126.75366211,-332.69873047,800.57873535
127.05271912,-331.44171143,801.33227539
127.11225891,-331.19317627,801.48254395
127.38429260,-330.06610107,802.17041016
127.55793762,-329.34854126,802.60974121
127.86471558,-328.08380127,803.38635254
127.95401001,-327.71731567,803.61267090
128.20289612,-326.70156860,804.24426270
128.32693481,-326.19744873,804.55932617
128.49148560,-325.53271484,804.97802734
128.50848389,-325.46710205,805.02172852
128.67828369,-324.77090454,805.42462158
128.80682373,-324.23977661,805.72619629
129.06546021,-323.16552734,806.32861328
129.15861511,-322.77584839,806.54333496
129.47964478,-321.42559814,807.27722168
129.66165161,-320.65789795,807.69146729
129.94729614,-319.44915771,808.33850098
130.01014709,-319.18078613,808.47888184
130.32731628,-317.81506348,809.17797852
130.53633118,-316.91287231,809.63690186
130.91589355,-315.27117920,810.46752930
131.03219604,-314.76623535,810.72052002
131.37638855,-313.26602173,811.46429443
131.55508423,-312.48510742,811.84875488
131.80656433,-311.38217163,812.38665771
131.84341431,-311.21774292,812.46319580
132.09039307,-310.09680176,812.96057129
132.26522827,-309.30041504,813.31030273
132.60104370,-307.76678467,813.97882080
132.71405029,-307.24859619,814.20202637
133.08139038,-305.55804443,814.92272949
133.28323364,-304.62713623,815.31713867
133.58874512,-303.21478271,815.91125488
133.64874268,-302.93505859,816.02612305
133.91885376,-301.66418457,816.53332520
134.09039307,-300.85458374,816.85333252
134.39202881,-299.42678833,817.41271973
134.47904968,-299.01257324,817.57214355
134.71887207,-297.86297607,818.00500488
134.83740234,-297.29183960,818.21655273
134.99270630,-296.53762817,818.48883057
135.00727844,-296.46231079,818.51074219
135.16781616,-295.56100464,818.67797852
135.29086304,-294.86383057,818.79949951
135.54042053,-293.44110107,819.03735352
135.63128662,-292.91882324,819.11962891
135.94718933,-291.09185791,819.39392090
136.12707520,-290.04815674,819.54675293
136.41081238,-288.39611816,819.78173828
136.47413635,-288.02380371,819.83038330
136.79774475,-286.10421753,820.06219482
137.01181030,-284.83117676,820.21228027
137.40176392,-282.50735474,820.48059082
137.52192688,-281.78851318,820.56042480
137.87973022,-279.63961792,820.78942871
138.06625366,-278.51654053,820.90588379
138.33013916,-276.92184448,821.06488037
138.36984253,-276.67803955,821.08471680
138.64273071,-274.97528076,821.19409180
138.83694458,-273.75961304,821.26806641
139.21145630,-271.41006470,821.40515137
139.33824158,-270.61184692,821.44873047
139.75262451,-267.99475098,821.58258057
139.98103333,-266.54974365,821.65380859
140.32797241,-264.35015869,821.75726318
140.39697266,-263.90979004,821.77471924
140.71176147,-261.88510132,821.83898926
140.91259766,-260.59002686,821.87652588
141.26727295,-258.29782104,821.93762207
141.37042236,-257.62814331,821.95239258
141.65765381,-255.75338745,821.98297119
141.80068970,-254.81616211,821.99450684
141.99024963,-253.56680298,822.00219727
142.00970459,-253.43313599,821.99731445
142.08370972,-252.02096558,822.10485840
142.12770081,-250.94418335,822.20196533
142.20034790,-248.76705933,822.41796875
142.21861267,-247.97775269,822.50598145
142.25964355,-245.24359131,822.83789063
142.27655029,-243.68936157,823.03430176
142.29185486,-241.24267578,823.35717773
142.28807068,-240.69976807,823.43750000
142.23651123,-237.93861389,823.88513184
142.19607544,-236.11480713,824.18847656
142.11289978,-232.79660034,824.75207520
142.08203125,-231.77622986,824.93188477
141.97312927,-228.74548340,825.48645020
141.91065979,-227.16809082,825.78210449
141.81130981,-224.94079590,826.21307373
141.78863525,-224.60910034,826.28674316
141.58123779,-222.35031128,826.85272217
141.42614746,-220.74591064,827.26416016
141.11660767,-217.65664673,828.06958008
141.00634766,-216.61312866,828.34851074
140.62991333,-213.20939636,829.27868652
140.41751099,-211.33541870,829.79705811
140.08590698,-208.49258423,830.59472656
140.01408386,-207.92984009,830.76007080
139.65675354,-205.37448120,831.54870605
139.42228699,-203.74690247,832.05938721
138.99806213,-200.87704468,832.97277832
138.86891174,-200.04473877,833.24511719
138.48953247,-197.73579407,834.02600098
138.29350281,-196.58898926,834.42309570
138.01943970,-195.07528687,834.96582031
137.98056030,-194.92463684,835.03381348
137.53842163,-193.38992310,835.70776367
137.19831848,-192.22512817,836.21740723
136.50680542,-189.87716675,837.24224854
136.25418091,-189.02941895,837.61108398
135.37376404,-186.10255432,838.88092041
134.87174988,-184.44154358,839.60052490
134.07881165,-181.83172607,840.72949219
133.90115356,-181.25573730,840.97753906
132.98986816,-178.34043884,842.22808838
132.38644409,-176.41758728,843.05194092
131.28627014,-172.92338562,844.54760742
130.94670105,-171.85119629,845.00567627
129.93399048,-168.67405701,846.36041260
129.40553284,-167.02297974,847.06359863
128.65669250,-164.69650269,848.05249023
128.54328918,-164.35346985,848.19708252
127.75842285,-162.04049683,849.16357422
127.19909668,-160.40098572,849.84741211
126.11950684,-157.24891663,851.16033936
125.75347900,-156.18666077,851.60192871
124.55554962,-152.72911072,853.03643799
123.89477539,-150.82775879,853.82446289
122.89015198,-147.94747925,855.01672363
122.68981171,-147.38000488,855.25061035
121.77265167,-144.81677246,856.30200195
121.18685913,-143.18717957,856.96929932
120.15136719,-140.31845093,858.14221191
119.84959412,-139.48913574,858.48028564
119.00740814,-137.19766235,859.41088867
118.58730316,-136.06286621,859.87048340
118.02914429,-134.57167053,860.47192383
117.97082520,-134.42829895,860.52783203
117.45468140,-133.12092590,861.05041504
117.07058716,-132.14369202,861.44250488
116.30642700,-130.19361877,862.22686768
116.03552246,-129.49935913,862.50708008
115.11408997,-127.12959290,863.46612549
114.59518433,-125.79263306,864.00805664
113.78692627,-123.70584106,864.85522461
113.61305237,-123.25412750,865.03948975
112.75334167,-121.00784302,865.95996094
112.19033051,-119.53416443,866.56469727
111.17333984,-116.86819458,867.65997314
110.86463165,-116.05675507,867.99401855
109.96083069,-113.67376709,868.97741699
109.49484253,-112.44264221,869.48620605
108.84534454,-110.72187805,870.19885254
108.75462341,-110.47807312,870.30090332
108.17716217,-108.90136719,870.96850586
107.77291107,-107.79373169,871.43872070
107.00286865,-105.67828369,872.33843994
106.74709320,-104.97268677,872.63940430
105.92560577,-102.69773865,873.61242676
105.47724915,-101.45338440,874.14550781
104.80424500,-99.58047485,874.94934082
104.67572021,-99.21948242,875.10534668
104.11589813,-97.62955475,875.79724121
103.76457214,-96.62774658,876.23431396
103.15330505,-94.87832642,876.99951172
102.98067474,-94.38063049,877.21838379
102.51786804,-93.03326416,877.81433105
102.29380798,-92.37606812,878.10644531
102.00970459,-91.53279114,878.48400879
101.99026489,-91.46718597,878.51562500
101.70092010,-90.70794678,878.91418457
101.47235107,-90.12277985,879.22436523
100.99978638,-88.93147278,879.85931396
100.82331085,-88.49551392,880.09350586
100.19778442,-86.97418213,880.91577148
99.83808899,-86.10614777,881.38635254
99.26464844,-84.73402405,882.13269043
99.13282776,-84.42594910,882.30187988
98.44169617,-82.84288025,883.17822266
97.98112488,-81.79403687,883.76013184
97.13702393,-79.88095093,884.82360840
96.87406921,-79.29001617,885.15319824
96.08206177,-77.52613831,886.14086914
95.66614532,-76.60517883,886.65777588
95.07176208,-75.29920959,887.39312744
94.97821045,-75.10076141,887.50646973
94.30729675,-73.72275543,888.30487061
93.82577515,-72.74006653,888.87579346
92.89163208,-70.84241486,889.98046875
92.57246399,-70.19855499,890.35650635
91.52063751,-68.08996582,891.59106445
90.93824005,-66.92646027,892.27331543
90.04875183,-65.15670776,893.31298828
89.86872864,-64.80328369,893.52185059
89.03133392,-63.18272400,894.48559570
88.49359131,-62.14710999,895.10278320
87.53850555,-60.31560898,896.19641113
87.25760651,-59.78136444,896.51660156
86.46485901,-58.28870392,897.41528320
86.06626129,-57.54352188,897.86535645
85.53036499,-56.55223846,898.46704102
85.46961975,-56.44774628,898.53271484
84.84968567,-55.36717224,899.17639160
84.37905884,-54.54545593,899.66247559
83.43025208,-52.88697815,900.63916016
83.08761597,-52.28713989,900.99023438
81.90442657,-50.21328735,902.19787598
81.23291016,-49.03554153,902.88201904
80.17771149,-47.18357086,903.95471191
79.94477081,-46.77391434,904.19006348
78.76544952,-44.69620895,905.37463379
77.98754120,-43.32497406,906.15454102
76.57384491,-40.83190155,907.57006836
76.14000702,-40.06621552,908.00341797
74.85429382,-37.79502106,909.28381348
74.18608856,-36.61396790,909.94812012
73.24444580,-34.94831848,910.88183594
73.10552979,-34.70167542,911.01794434
72.16838837,-33.03152847,911.92462158
71.50404358,-31.84661484,912.56567383
70.22669220,-29.56705856,913.79602051
69.79616547,-28.79806519,914.20947266
68.39468384,-26.29277039,915.55163574
67.62393951,-24.91436958,916.28869629
66.45628357,-22.82499504,917.40319824
66.22618103,-22.41250229,917.62145996
65.18650818,-20.54500580,918.60095215
64.52546692,-19.35678673,919.22229004
63.36167145,-17.26355362,920.31365967
63.02517700,-16.65757179,920.62792969
62.09519958,-14.98025513,921.49163818
61.63458252,-14.14853668,921.91778564
61.02915192,-13.05345917,922.47442627
60.97083282,-12.94653893,922.52539063
60.41267014,-11.86721802,923.05578613
59.99256134,-11.04900551,923.45941162
59.15037537,-9.40095234,924.27435303
58.84860611,-8.80654716,924.56927490
57.81311417,-6.75608110,925.58935547
57.22732162,-5.59294367,926.16882324
56.31016541,-3.76628494,927.08020020
56.10982513,-3.36371469,927.28198242
55.10520172,-1.32868361,928.30590820
54.44443512,0.01305890,928.98181152
53.24650574,2.45050240,930.21093750
52.88047409,3.19799733,930.58850098
51.80088043,5.41163349,931.70898438
51.24154663,6.56154060,932.29174805
50.45669174,8.18092918,933.11376953
50.34329224,8.41906929,933.23571777
49.59445190,10.02045059,934.06225586
49.06598663,11.15492249,934.64892578
48.05327988,13.33511639,935.77770996
47.71370697,14.06938171,936.15869141
46.61353302,16.45794868,937.40002441
46.01009750,17.77102661,938.08312988
45.09881973,19.75938416,939.11877441
44.92116165,20.15061378,939.32342529
44.12821960,21.91516495,940.25036621
43.62621307,23.03640747,940.84027100
42.74580383,25.00933075,941.87976074
42.49317932,25.57916641,942.18090820
41.80166626,27.15188217,943.01464844
41.46157074,27.93008804,943.42822266
41.01943207,28.95139694,943.97314453
40.98055267,29.04859924,944.02661133
40.56467819,30.03314209,944.54003906
40.24709320,30.77983475,944.92663574
39.60434723,32.28427124,945.70190430
39.37101364,32.82709503,945.97985840
38.56188583,34.70022964,946.93383789
38.10168457,35.76294708,947.47357178
37.37680435,37.43220520,948.31884766
37.21568298,37.80028534,948.50354004
36.39498138,39.66183853,949.43054199
35.85264206,40.88938141,950.04028320
34.86555099,43.11963272,951.14587402
34.56181335,43.80373383,951.48376465
33.65897369,45.83011246,952.48071289
33.18884659,46.88290787,952.99731445
32.52460480,48.36584473,953.72241211
32.42538071,48.58413696,953.82727051
31.74763298,50.05357361,954.52087402
31.26593208,51.09479141,955.01049805
30.33800888,53.09608841,955.94897461
30.02434921,53.77026749,956.26373291
29.00060272,55.96385956,957.28381348
28.43676758,57.16989899,957.84338379
27.58105850,58.99645233,958.68872070
27.41143227,59.35602570,958.85363770
26.63997269,60.97870636,959.59020996
26.14834976,62.01000214,960.05664063
25.28106689,63.82497406,960.87487793
25.02930450,64.34937286,961.10974121
24.33005905,65.79730225,961.75317383
23.98246765,66.51399231,962.06970215
23.52308273,67.45503235,962.48162842
23.47691345,67.54493713,962.51806641
23.07530212,68.43869781,962.96148682
22.77723312,69.11487579,963.30505371
22.18527985,70.47502136,964.00695801
21.97596359,70.96469116,964.26501465
21.26549339,72.65135956,965.16882324
20.86583710,73.60741425,965.68548584
20.24411964,75.10758209,966.50378418
20.11087418,75.43738556,966.68847656
19.45442581,77.10090637,967.64245605
19.02500343,78.19697571,968.27539063
18.25003815,80.18701935,969.43127441
18.01520538,80.79670715,969.78900146
17.32899284,82.60024261,970.85925293
16.97564125,83.53645325,971.41882324
16.48401833,84.85359955,972.21398926
16.41597748,85.04637909,972.33581543
15.98738003,86.33651733,973.18945313
15.68805122,87.24956512,973.79919434
15.11888695,89.00293732,974.97814941
14.93035889,89.59277344,975.37890625
14.32646465,91.50950623,976.69360352
13.99736977,92.56257629,977.41967773
13.50427628,94.15608215,978.52532959
13.41071987,94.46887970,978.74694824
13.00637817,95.87588501,979.76708984
12.75335503,96.76908875,980.41979980
12.31428337,98.33944702,981.57562256
12.19096184,98.79226685,981.91357422
11.86269188,100.03941345,982.86035156
11.70464134,100.65557098,983.33392334
11.50607300,101.46231079,983.96582031
11.49392319,101.53764343,984.03381348
11.40565109,102.37065125,984.57647705
11.34213924,103.00932312,984.97357178
11.21870613,104.30523682,985.75451660
11.17641640,104.77734375,986.02685547
11.03672123,106.41897583,986.94030762
10.95927048,107.35398865,987.45092773
10.84079742,108.82905579,988.23962402
10.81669998,109.15838623,988.40502930
10.70401478,110.84247589,989.20269775
10.63152599,111.95664978,989.72106934
10.50257969,113.98645020,990.65118408
10.46454334,114.61212158,990.93011475
10.35682011,116.47536469,991.73553467
10.30252171,117.44676208,992.14697266
10.22925091,118.82151031,992.71295166
10.22074604,119.02846527,992.78668213
10.17898941,120.45272827,993.21759033
10.15170288,121.46656036,993.51318359
10.10250378,123.42176819,994.06774902
10.08761978,124.08381653,994.24749756
10.04420853,126.24804688,994.81109619
10.02188301,127.44104004,995.11444092
9.99087524,129.25347900,995.56213379
9.98662281,129.61399841,995.64245605
9.97683811,131.25985718,995.96533203
9.97270393,132.31007385,996.16174316
9.96870708,134.16494751,996.49365234
9.96941566,134.70463562,996.58166504
9.97782326,136.20773315,996.79760742
9.98431969,136.95642090,996.89465332
9.99756908,137.94897461,997.00219727
10.00242901,138.05102539,996.99731445
9.99992180,139.15386963,996.88427734
9.99291325,139.99710083,996.79229736
9.97205734,141.70501709,996.59863281
9.96119022,142.32572937,996.52453613
9.91442585,144.47998047,996.25769043
9.88520908,145.70576477,996.10302734
9.83458614,147.63749695,995.85412598
9.82041168,148.06747437,995.79553223
9.73505974,150.26031494,995.48236084
9.67607594,151.70991516,995.27252197
9.56481552,154.34909058,994.88623047
9.52843189,155.16162109,994.76489258
9.41331291,157.57827759,994.39660645
9.35102177,158.83715820,994.20227051
9.25850296,160.61676025,993.92248535
9.24149323,160.88323975,993.87713623
9.06193829,162.98095703,993.46984863
8.92504501,164.51251221,993.16613770
8.64828682,167.51997375,992.56091309
8.54795837,168.56625366,992.34594727
8.20045662,172.06890869,991.61346436
8.00292587,174.02493286,991.20056152
7.69199085,177.04232788,990.55676270
7.62300587,177.67263794,990.41784668
7.19416428,181.20881653,989.59252930
6.89557076,183.60949707,989.02398682
6.32910013,188.07562256,987.95422363
6.14214802,189.50305176,987.60583496
5.40044117,194.86062622,986.25427246
4.95164490,198.02540588,985.44409180
3.92823195,204.96646118,983.62426758
3.00000000,211.00000000,982.00000000
