-228.00000000,-461.00000000,588.00000000
-225.79544067,-456.93890381,590.32055664
-223.26107788,-452.24218750,593.01037598
-222.10627747,-450.09075928,594.24493408
-220.15206909,-446.43856812,596.34307861
-219.63183594,-445.45953369,596.90692139
-218.00491333,-442.38604736,598.67950439
-217.13064575,-440.73065186,599.63500977
-215.84329224,-438.28613281,601.04742432
-215.61413574,-437.84622192,601.30255127
-214.51788330,-435.72958374,602.53277588
-213.80741882,-434.35522461,603.33209229
-212.53543091,-431.89065552,604.76623535
-212.15560913,-431.15255737,605.19622803
-211.06434631,-429.02435303,606.43743896
-210.50878906,-427.93829346,607.07135010
-209.74816895,-426.44631958,607.94323730
-209.65177917,-426.25354004,608.05664063
-209.00897217,-424.95440674,608.82348633
-208.55435181,-424.03363037,609.36737061
-207.68185425,-422.26354980,610.41351318
-207.38858032,-421.66711426,610.76629639
-206.43634033,-419.72595215,611.91534424
-205.91339111,-418.65853882,612.54748535
-205.12246704,-417.04168701,613.50543213
-204.96749878,-416.72320557,613.69439697
-204.27175903,-415.28515625,614.54943848
-203.83038330,-414.37100220,615.09338379
-203.05490112,-412.76187134,616.05139160
-202.83157349,-412.29675293,616.32855225
-202.21740723,-411.01196289,617.09539795
-201.91432190,-410.37579346,617.47546387
-201.51818848,-409.54003906,617.97564697
-201.48175049,-409.45983887,618.02423096
-201.13288879,-408.64508057,618.48767090
-200.87033081,-408.02691650,618.83618164
-200.34396362,-406.78112793,619.53479004
-200.15536499,-406.33148193,619.78503418
-199.50817871,-404.77941895,620.64318848
-199.14205933,-403.89868164,621.12854004
-198.56884766,-402.51507568,621.88830566
-198.44363403,-402.20983887,622.05413818
-197.81575012,-400.66543579,622.88525391
-197.40277100,-399.64688110,623.43182373
-196.65405273,-397.79620361,624.42254639
-196.42527771,-397.22842407,624.72515869
-195.75051880,-395.54623413,625.61749268
-195.40093994,-394.67211914,626.07971191
-194.91041565,-393.44064331,626.72814941
-194.83953857,-393.25921631,626.82165527
-194.37152100,-392.03674316,627.43859863
-194.04122925,-391.17034912,627.87377930
-193.40827942,-389.50488281,628.70751953
-193.19604492,-388.94372559,628.98706055
-192.50843811,-387.11749268,629.89221191
-192.13128662,-386.11328125,630.38867188
-191.56173706,-384.59222412,631.13818359
-191.45071411,-384.29266357,631.28417969
-190.95512390,-382.94009399,631.93524170
-190.64137268,-382.08032227,632.34729004
-190.09112549,-380.56698608,633.06976318
-189.93322754,-380.12963867,633.27697754
-189.50100708,-378.92150879,633.84368896
-189.28845215,-378.32333374,634.12225342
-189.01211548,-377.53759766,634.48413086
-188.98782349,-377.46228027,634.51568604
-188.71673584,-376.64501953,634.87231445
-188.50868225,-376.01986694,635.14636230
-188.08624268,-374.75323486,635.70336914
-187.93220520,-374.29272461,635.90667725
-187.39620972,-372.69381714,636.61486816
-187.09082031,-371.78387451,637.01861572
-186.60884094,-370.34963989,637.65612793
-186.50109863,-370.03021240,637.79876709
-185.94967651,-368.40048218,638.53015137
-185.58474731,-367.32299805,639.01428223
-184.91976929,-365.36102295,639.89691162
-184.71470642,-364.75683594,640.16918945
-184.10372925,-362.95953369,640.98107910
-183.78511047,-362.02313232,641.40460205
-183.33399963,-360.69915771,642.00457764
-183.26596069,-360.50073242,642.09533691
-182.79684448,-359.14071655,642.72229004
-182.46278381,-358.17346191,643.16894531
-181.81837463,-356.30926514,644.03094482
-181.60009766,-355.67864990,644.32312012
-180.88623047,-353.61892700,645.27905273
-180.49263000,-352.48406982,645.80627441
-179.89453125,-350.76098633,646.60766602
-179.77545166,-350.41888428,646.76733398
-179.23135376,-348.86044312,647.49792480
-178.88407898,-347.86672974,647.96447754
-178.27053833,-346.11279297,648.78900146
-178.09193420,-345.60311890,649.02917480
-177.59416199,-344.18579102,649.69915771
-177.34609985,-343.48062134,650.03326416
-177.01699829,-342.54736328,650.47686768
-176.98298645,-342.45260620,650.52301025
-176.66964722,-341.54559326,650.96142578
-176.43508911,-340.86291504,651.29101563
-175.96656799,-339.49435425,651.95123291
-175.79953003,-339.00396729,652.18756104
-175.22875977,-337.32131958,652.99780273
-174.90653992,-336.36938477,653.45599365
-174.40328979,-334.87902832,654.17297363
-174.29414368,-334.55346680,654.32934570
-173.75038147,-332.92092896,655.11260986
-173.39343262,-331.84719849,655.62756348
-172.74742126,-329.90057373,656.56085205
-172.55062866,-329.30575562,656.84582520
-171.97213745,-327.55142212,657.68585205
-171.67308044,-326.64251709,658.12084961
-171.25473022,-325.36709595,658.73095703
-171.19520569,-325.18280029,658.81884766
-170.80836487,-323.96594238,659.39739990
-170.53631592,-323.10717773,659.80541992
-170.01635742,-321.46154785,660.58697510
-169.84271240,-320.90972900,660.84881592
-169.28222656,-319.12194824,661.69653320
-168.97546387,-318.14138794,662.16131592
-168.51338196,-316.66055298,662.86291504
-168.42407227,-316.37182617,662.99951172
-168.02951050,-315.08331299,663.60778809
-167.78062439,-314.26757813,663.99261475
-167.34555054,-312.83691406,664.66717529
-167.22151184,-312.42639160,664.86047363
-166.88482666,-311.30267334,665.38891602
-166.72027588,-310.75003052,665.64849854
-166.50846863,-310.03155518,665.98535156
-166.49145508,-309.96838379,666.01452637
-166.33216858,-309.20788574,666.34613037
-166.21263123,-308.61920166,666.60119629
-165.97351074,-307.41748047,667.11981201
-165.88806152,-306.97607422,667.30932617
-165.59555054,-305.43136597,667.96960449
-165.43026733,-304.54873657,668.34606934
-165.17184448,-303.15130615,668.94079590
-165.11561584,-302.83612061,669.07397461
-164.83468628,-301.21035767,669.75744629
-164.65010071,-300.13201904,670.21002197
-164.31579590,-298.16329956,671.03515625
-164.21380615,-297.55416870,671.28985596
-163.91357422,-295.73272705,672.04943848
-163.75820923,-294.78063965,672.44580078
-163.54057312,-293.42840576,673.00738525
-163.50939941,-293.22146606,673.09240723
-163.30526733,-291.77471924,673.68103027
-163.16146851,-290.74157715,674.10058594
-162.88632202,-288.74456787,674.91027832
-162.79428101,-288.06597900,675.18481445
-162.49661255,-285.84066772,676.08325195
-162.33352661,-284.61184692,676.57879639
-162.08760071,-282.74108887,677.33227539
-162.03988647,-282.36636353,677.48254395
-161.82803345,-280.64288330,678.17041016
-161.69416809,-279.54028320,678.60974121
-161.45980835,-277.58847046,679.38635254
-161.39279175,-277.01809692,679.61267090
-161.21014404,-275.42083740,680.24426270
-161.12062073,-274.62213135,680.55938721
-161.00482178,-273.55706787,680.97802734
-160.99511719,-273.44287109,681.02178955
-160.87933350,-272.29904175,681.51391602
-160.78979492,-271.43280029,681.89196777
-160.60717773,-269.68923950,682.66015625
-160.54016113,-269.06097412,682.94055176
-160.30578613,-266.89532471,683.91674805
-160.17193604,-265.66732788,684.47314453
-159.96008301,-263.73962402,685.35156250
-159.91235352,-263.31533813,685.54809570
-159.66642761,-261.17282104,686.55517578
-159.50334167,-259.76068115,687.22186279
-159.20568848,-257.19610596,688.43695068
-159.11363220,-256.41003418,688.81176758
-158.83848572,-254.08343506,689.92913818
-158.69470215,-252.87527466,690.51196289
-158.49057007,-251.17471313,691.33752441
-158.45938110,-250.92523193,691.46228027
-158.24176025,-249.25167847,692.32379150
-158.08639526,-248.06668091,692.93750000
-157.78616333,-245.79022217,694.12170410
-157.68418884,-245.02398682,694.52307129
-157.34986877,-242.53273010,695.83593750
-157.16528320,-241.16360474,696.55987549
-156.88433838,-239.09112549,697.66027832
-156.82812500,-238.68382263,697.87951660
-156.56968689,-236.84927368,698.88220215
-156.40440369,-235.68411255,699.52233887
-156.11189270,-233.63478088,700.65368652
-156.02645874,-233.04336548,700.98315430
-155.78732300,-231.41279602,701.90197754
-155.66778564,-230.60658264,702.36010742
-155.50849915,-229.54977417,702.96826172
-155.49148560,-229.45014954,703.03149414
-155.21664429,-228.27252197,703.74993896
-154.99807739,-227.36276245,704.30261230
-154.54434204,-225.50787354,705.42633057
-154.37400818,-224.82769775,705.83685303
-153.76785278,-222.45046997,707.26757813
-153.41862488,-221.09301758,708.08325195
-152.86071777,-218.94540405,709.37182617
-152.73171997,-218.46203613,709.66052246
-152.05226135,-215.97290039,711.14135742
-151.59884644,-214.32275391,712.12194824
-150.76696777,-211.31130981,713.90972900
-150.50733948,-210.38023376,714.46154785
-149.72369385,-207.59838867,716.10717773
-149.31163025,-206.14503479,716.96594238
-148.72174072,-204.08230591,718.18280029
-148.62818909,-203.76760864,718.36706543
-147.95277405,-201.57434082,719.64245605
-147.46739197,-200.00906372,720.55139160
-146.52490234,-196.98477173,722.30572510
-146.20242310,-195.95779419,722.90051270
-145.13836670,-192.59199524,724.84716797
-144.54881287,-190.73400879,725.92089844
-143.64765930,-187.90650940,727.55340576
-143.46479797,-187.34092712,727.87896729
-142.61187744,-184.74302673,729.36938477
-142.06365967,-183.08183289,730.32128906
-141.08918762,-180.14244080,732.00396729
-140.80213928,-179.28414917,732.49438477
-139.99055481,-176.88304138,733.86291504
-139.58197021,-175.68324280,734.54559326
-139.03157043,-174.08503723,735.45263672
-138.96838379,-173.91494751,735.54736328
-138.36546326,-172.30096436,736.42285156
-137.91184998,-171.08766174,737.07849121
-137.00273132,-168.65728760,738.38854980
-136.67709351,-167.78741455,738.85571289
-135.56005859,-164.80525208,740.45281982
-134.92823792,-163.11897278,741.35455322
-133.93919373,-160.48022461,742.76324463
-133.72326660,-159.90472412,743.06896973
-132.64096069,-157.02288818,744.59277344
-131.92919922,-155.12823486,745.59326172
-130.63897705,-151.69459534,747.40417480
-130.24484253,-150.64611816,747.95593262
-129.08261108,-147.55590820,749.57849121
-128.48054504,-145.95562744,750.41735840
-127.63592529,-143.71157837,751.59130859
-127.51402283,-143.38839722,751.75854492
-126.70991516,-141.26139832,752.84692383
-126.14259338,-139.76144409,753.61254883
-125.05560303,-136.88859558,755.07617188
-124.69122314,-135.92611694,755.56506348
-123.51097107,-132.81018066,757.14385986
-122.86371613,-131.10185242,758.00811768
-121.88642883,-128.52339172,759.31030273
-121.69601440,-128.02160645,759.56213379
-120.84670258,-125.78656006,760.67578125
-120.30914307,-124.37259674,761.37854004
-119.36657715,-121.89445496,762.60729980
-119.09623718,-121.18428040,762.95788574
-118.35662842,-119.24360657,763.91003418
-117.99302673,-118.29034424,764.37567139
-117.52062988,-117.05345154,764.97558594
-117.47930908,-116.94653320,765.02416992
-117.06994629,-115.91973114,765.48229980
-116.76036835,-115.14653015,765.82641602
-116.13781738,-113.59601593,766.51525879
-115.91377258,-113.04019928,766.76153564
-115.14228058,-111.13229370,767.60546875
-114.70504761,-110.05275726,768.08251953
-114.01909637,-108.36222839,768.82861328
-113.86837006,-107.99273682,768.99114990
-113.10845947,-106.13885498,769.80419922
-112.60783386,-104.91931152,770.33850098
-111.69898987,-102.70803070,771.30657959
-111.42060852,-102.03219604,771.60205078
-110.59729767,-100.03829193,772.47241211
-110.16998291,-99.00506592,772.92297363
-109.56892395,-97.55488586,773.55444336
-109.48104095,-97.34509277,773.64520264
-108.89348602,-95.95793152,774.24072266
-108.47775269,-94.97872925,774.66040039
-107.67952728,-93.10188293,775.46386719
-107.41106415,-92.47235107,775.73278809
-106.53887939,-90.43214417,776.60321045
-106.05974579,-89.31292725,777.08020020
-105.33483887,-87.62239838,777.79992676
-105.19261169,-87.29258728,777.93981934
-104.55324554,-85.81943512,778.56176758
-104.14743042,-84.88653564,778.95495605
-103.43409729,-83.25003052,779.64379883
-103.22848511,-82.78021240,779.84094238
-102.66242981,-81.49337769,780.37915039
-102.38284302,-80.86019897,780.64318848
-102.01698303,-80.03644562,780.98522949
-101.98297119,-79.96354675,781.01440430
-101.63811493,-78.54628754,781.46679688
-101.37655640,-77.40439606,781.82543945
-100.84951019,-75.01535797,782.56835938
-100.65932465,-74.10949707,782.84667969
-100.00302124,-70.86206055,783.83483887
-99.63064575,-68.98441315,784.40362549
-99.04573059,-65.97301483,785.31146240
-98.91673279,-65.26946259,785.52075195
-98.26428223,-61.53197479,786.62091064
-97.83403015,-59.03195953,787.35455322
-97.05231476,-54.43608093,788.69989014
-96.81252289,-52.99677277,789.11938477
-96.10218811,-48.63692093,790.38427734
-95.73313141,-46.33921814,791.04901123
-95.21325684,-43.04006577,791.99975586
-95.13671112,-42.50992203,792.15002441
-94.62133789,-38.63903046,793.23132324
-94.25613403,-35.85126495,794.00793457
-93.55416870,-30.42961502,795.51531982
-93.31767273,-28.57024956,796.03076172
-92.54817963,-22.42251205,797.73040771
-92.12509155,-19.01238632,798.67181396
-91.48431396,-13.79304600,800.11022949
-91.35815430,-12.72944832,800.40179443
-90.78876495,-7.74613428,801.75988770
-90.42687225,-4.53831863,802.63244629
-89.78994751,1.17108369,804.18280029
-89.60591125,2.85704207,804.63916016
-89.09770966,7.63804770,805.92834473
-88.84613800,10.05009365,806.57702637
-88.51578522,13.30924320,807.45001221
-88.48419189,13.69075298,807.54962158
-88.21687317,17.03393745,808.44360352
-88.01933289,19.51801300,809.11029053
-87.62817383,24.45508385,810.43847656
-87.49044037,26.20278168,810.91027832
-87.02458954,32.14027786,812.51770020
-86.76302338,35.48186493,813.42370605
-86.35697937,40.68298340,814.83618164
-86.27050781,41.79950333,815.14099121
-85.84710693,47.30867767,816.65191650
-85.57064819,50.91431427,817.64221191
-85.07255554,57.42391968,819.43237305
-84.92206573,59.39794159,819.97644043
-84.48377991,65.17117310,821.57171631
-84.25859070,68.14562225,822.39501953
-83.94626617,72.28723907,823.54406738
-83.90373993,72.86274719,823.70568848
-83.64093018,76.50465393,824.74218750
-83.45819092,79.05078125,825.46899414
-83.11186218,83.89598083,826.85522461
-82.99775696,85.50287628,827.31665039
-82.63406372,90.65612793,828.80126953
-82.43644714,93.46630859,829.61242676
-82.14138794,97.68032837,830.83166504
-82.08610535,98.48216248,831.06555176
-81.85085297,101.95979309,832.08996582
-81.70449829,104.13879395,832.73406982
-81.45188904,107.92448425,833.85681152
-81.38172150,108.99037170,834.17504883
-81.19773865,111.83682251,835.03234863
-81.11020660,113.21076202,835.44897461
-81.00241089,114.94409943,835.98046875
-80.99755859,115.05587769,836.01928711
-80.84249878,116.09592438,836.30908203
-80.71444702,116.87561035,836.51867676
-80.44268799,118.43452454,836.92736816
-80.33779144,118.99105835,837.06811523
-79.95687866,120.89497375,837.53503418
-79.73527527,121.97036743,837.79461670
-79.37751770,123.65110779,838.19274902
-79.29246521,124.01635742,838.27441406
-78.83438110,125.83923340,838.66040039
-78.52677917,127.03646851,838.90948486
-77.95954132,129.20433044,839.35375977
-77.78093719,129.86526489,839.48553467
-77.23684692,131.80996704,839.86102295
-76.94909668,132.81591797,840.05114746
-76.53401184,134.22434998,840.30926514
-76.46596527,134.42562866,840.34045410
-75.84529114,135.87081909,840.47778320
-75.38131714,136.90826416,840.56439209
-74.45543671,138.92124939,840.71557617
-74.12579346,139.60922241,840.75854492
-73.00053406,141.87687683,840.87487793
-72.36567688,143.13261414,840.93164063
-71.37474823,145.05078125,841.00451660
-71.16023254,145.43917847,841.01025391
-69.87882233,147.49057007,840.94299316
-68.99498749,148.86051941,840.87969971
-67.33027649,151.37561035,840.73596191
-66.78721619,152.16146851,840.67596436
-64.67436981,154.98895264,840.35626221
-63.40641022,156.62666321,840.14221191
-60.55263519,160.09925842,839.58007813
-58.00000000,163.00000000,839.00000000
