-29.00000000,-432.00000000,584.00000000
-27.25956154,-425.03820801,586.66857910
-25.28419876,-417.13677979,589.69360352
-24.39431190,-413.57723999,591.05480957
-22.89875603,-407.59503174,593.34082031
-22.50673676,-406.02691650,593.93902588
-21.29135513,-401.16534424,595.79217529
-20.64161491,-398.56640625,596.78234863
-19.69119835,-394.76477051,598.22967529
-19.52629662,-394.10516357,598.48010254
-18.74855995,-390.99420166,599.65936279
-18.24682999,-388.98727417,600.41973877
-17.35213661,-385.40850830,601.77502441
-17.08698654,-384.34790039,602.17633057
-16.33185005,-381.32733154,603.31805420
-15.94974136,-379.79888916,603.89538574
-15.43118286,-377.72467041,604.67810059
-15.36881351,-377.47518921,604.77166748
-14.96505356,-375.86016846,605.37506104
-14.68134308,-374.72534180,605.79870605
-14.13940239,-372.55755615,606.60742188
-13.95859337,-371.83435059,606.87701416
-13.37549400,-369.50195313,607.74554443
-13.05650330,-368.22595215,608.22045898
-12.57630348,-366.30517578,608.93493652
-12.48369408,-365.93475342,609.07244873
-12.07552338,-364.30206299,609.67687988
-11.81827354,-363.27307129,610.05755615
-11.36894321,-361.47573853,610.72186279
-11.24105263,-360.96417236,610.91064453
-10.89462280,-359.57846069,611.42083740
-10.72557354,-358.90225220,611.66943359
-10.50850296,-358.03399658,611.98785400
-10.49149323,-357.96594238,612.01214600
-10.34795380,-357.29727173,612.20971680
-10.24193001,-356.79214478,612.35473633
-10.03205681,-355.77706909,612.64056396
-9.95818901,-355.41213989,612.74060059
-9.70844269,-354.15652466,613.07702637
-9.56824207,-353.44522095,613.26531982
-9.35065174,-352.32983398,613.55670166
-9.30434608,-352.08508301,613.61816406
-9.07775211,-350.85263062,613.91595459
-8.92983341,-350.04101563,614.10980225
-8.66336441,-348.56802368,614.45819092
-8.58288193,-348.11712646,614.56292725
-8.34856987,-346.78436279,614.86627197
-8.22821426,-346.09289551,615.02154541
-8.06133842,-345.12084961,615.23571777
-8.03865814,-344.97906494,615.26409912
-7.89879370,-344.03402710,615.43328857
-7.80158997,-343.36572266,615.54998779
-7.61744213,-342.08309937,615.76977539
-7.55680466,-341.65203857,615.84143066
-7.36365318,-340.25238037,616.06756592
-7.25873184,-339.48373413,616.18975830
-7.10214615,-338.32131958,616.37091064
-7.07285118,-338.09356689,616.40393066
-6.94842148,-337.07135010,616.54010010
-6.87106276,-336.42288208,616.62371826
-6.73762989,-335.28363037,616.76623535
-6.70061731,-334.95556641,616.80487061
-6.60375023,-334.05349731,616.90240479
-6.55773449,-333.60836792,616.94744873
-6.50121355,-333.02670288,617.00000000
-6.49878311,-332.97326660,617.00000000
-6.41600227,-332.39682007,617.12603760
-6.34747648,-331.95617676,617.23406982
-6.20183945,-331.06387329,617.46813965
-6.14553356,-330.73965454,617.56072998
-5.94082069,-329.61462402,617.90283203
-5.82165861,-328.97454834,618.10351563
-5.62916517,-327.96594238,618.43023682
-5.58333254,-327.74148560,618.50958252
-5.33617353,-326.59716797,618.94433594
-5.17015553,-325.84075928,619.23760986
-4.86392117,-324.46371460,619.78039551
-4.76745224,-324.03979492,619.95239258
-4.47343731,-322.77917480,620.47973633
-4.31789303,-322.12252808,620.75976563
-4.09342670,-321.19439697,621.16589355
-4.05657196,-321.05548096,621.23388672
-3.78258514,-320.10485840,621.74804688
-3.58459473,-319.42892456,622.12072754
-3.19861269,-318.12649536,622.84875488
-3.06576157,-317.68603516,623.10009766
-2.62511373,-316.24789429,623.93615723
-2.38026690,-315.45565796,624.40142822
-2.00475860,-314.25302124,625.11621094
-1.92774105,-314.01440430,625.26361084
-1.56445193,-312.92816162,625.96295166
-1.33007884,-312.23568726,626.41503906
-0.91212422,-311.01373291,627.22241211
-0.78825057,-310.65881348,627.46240234
-0.43543530,-309.67236328,628.14849854
-0.25689593,-309.18173218,628.49658203
-0.01457999,-308.53280640,628.97076416
0.01457999,-308.46719360,629.02911377
0.32517433,-307.65017700,629.65551758
0.56223804,-307.01550293,630.13415527
1.04185605,-305.71688843,631.10314941
1.21589351,-305.23846436,631.45507813
1.81917536,-303.56033325,632.67590332
2.16223669,-302.60034180,633.37036133
2.70249200,-301.07846069,634.46453857
2.82250690,-300.73400879,634.70788574
3.43350601,-298.95169067,635.94799805
3.83720446,-297.76843262,636.76763916
4.57186747,-295.60656738,638.25958252
4.79788017,-294.93679810,638.71875000
5.46951675,-292.93121338,640.08398438
5.81919289,-291.88189697,640.79498291
6.31314373,-290.38980103,641.79980469
6.38685369,-290.16018677,641.95007324
6.88980818,-288.54653931,642.97741699
7.24720192,-287.39303589,643.70770264
7.93556023,-285.16171265,645.11474609
8.16818810,-284.40264893,645.59045410
8.92728996,-281.91085815,647.14355469
9.34532070,-280.53411865,647.99896240
9.97965622,-278.43673706,649.29742432
10.10534096,-278.01574707,649.55493164
10.67665100,-276.07464600,650.72668457
11.04065895,-274.83184814,651.47357178
11.68271255,-272.63031006,652.79132080
11.86903477,-271.98605347,653.17395020
12.38632202,-270.17892456,654.23718262
12.64338684,-269.27420044,654.76580811
12.98298836,-268.06561279,655.46472168
13.01700783,-267.93438721,655.53521729
13.33034801,-266.62072754,656.17639160
13.56490517,-265.62597656,656.65551758
14.03342247,-263.62374878,657.61132813
14.20044994,-262.90234375,657.95153809
14.77122307,-260.41564941,659.11242676
15.09342957,-259.00561523,659.76733398
15.59667587,-256.79226685,660.78930664
15.70582390,-256.30511475,661.01049805
16.24958611,-253.84545898,662.10968018
16.60651970,-252.22431946,662.83068848
17.25253868,-249.28021240,664.13500977
17.44933510,-248.37780762,664.53186035
18.02782440,-245.70703125,665.69720459
18.32687759,-244.32015991,666.29919434
18.74523163,-242.36811829,667.14038086
18.80476570,-242.08178711,667.25946045
19.19160461,-240.16125488,668.02862549
19.46364594,-238.80140686,668.56884766
19.98361206,-236.18914795,669.60046387
20.15725708,-235.30989075,669.94445801
20.71774101,-232.45130920,671.05316162
21.02451134,-230.88034058,671.65954590
21.48659515,-228.50236511,672.57202148
21.57589912,-228.03506470,672.74780273
21.97045517,-225.93041992,673.52136230
22.21934509,-224.59373474,674.00872803
22.65441895,-222.24276733,674.85949707
22.77845001,-221.56433105,675.10137939
23.11512756,-219.69395447,675.75592041
23.27967453,-218.76919556,676.07495117
23.49149132,-217.55709839,676.48413086
23.50850105,-217.44287109,676.51568604
23.72557068,-216.16247559,676.90905762
23.89462090,-215.17919922,677.21459961
24.24105072,-213.18200684,677.83984375
24.36894226,-212.45343018,678.07019043
24.81827164,-209.91712952,678.87817383
25.07552338,-208.47175598,679.34045410
25.48369217,-206.19012451,680.07318115
25.57630157,-205.67982483,680.23901367
26.05649948,-203.06634521,681.09722900
26.37549019,-201.33651733,681.66693115
26.95859146,-198.18392944,682.70782471
27.13940048,-197.21153259,683.03027344
27.68134117,-194.31359863,683.99591064
27.96504974,-192.80209351,684.50115967
28.36881065,-190.66157532,685.21960449
28.43118095,-190.33837891,685.33013916
28.87095642,-188.10784912,686.10711670
29.18553734,-186.51913452,686.66247559
29.79436302,-183.45401001,687.73687744
30.00163269,-182.41545105,688.10235596
30.68248749,-179.01846313,689.30212402
31.05880737,-177.14532471,689.96496582
31.63235092,-174.29849243,690.97485352
31.74764252,-173.73149109,691.17749023
32.28002548,-171.13932800,692.11212158
32.62106705,-169.48448181,692.71051025
33.22547913,-166.56045532,693.77050781
33.40251160,-165.70901489,694.08068848
33.89962006,-163.33514404,694.95080566
34.14867783,-162.15184021,695.38641357
34.48177338,-160.58137512,695.96826172
34.51822281,-160.41857910,696.03149414
34.86182022,-158.93740845,696.59759521
35.11988449,-157.83064270,697.01965332
35.63649750,-155.62258911,697.86053467
35.82124710,-154.83673096,698.15917969
36.45417404,-152.15507507,699.17639160
36.81193542,-150.64236450,699.74969482
37.37154388,-148.28161621,700.64343262
37.49345016,-147.77084351,700.83624268
38.10322189,-145.23194885,701.79174805
38.50398254,-143.56652832,702.41796875
39.23007202,-140.55403137,703.54986572
39.45167160,-139.63729858,703.89379883
40.10444260,-136.94570923,704.90228271
40.44235992,-135.55535889,705.42266846
40.91597748,-133.61247253,706.14880371
40.98401642,-133.33749390,706.25091553
41.43062210,-131.56115723,706.90502930
41.74538422,-130.31359863,707.36370850
42.34799194,-127.93135071,708.23840332
42.54974747,-127.13699341,708.52941895
43.20252228,-124.57660675,709.46582031
43.56027985,-123.17634583,709.97741699
44.10004807,-121.06918335,710.74621582
44.20494461,-120.66329956,710.89361572
44.67139435,-118.87704468,711.53894043
44.96631241,-117.75185394,711.94458008
45.48292542,-115.78746033,712.65167236
45.63081741,-115.22889709,712.85205078
46.03442383,-113.71771240,713.39154053
46.23247910,-112.98099518,713.65362549
46.48905945,-112.03643799,713.98773193
46.51092911,-111.96353149,714.01202393
46.73074341,-111.10301208,714.28314209
46.89728928,-110.43832397,714.49121094
47.23262024,-109.08321381,714.91363525
47.35350037,-108.58638000,715.06768799
47.77032089,-106.85008240,715.60369873
48.00671387,-105.85865784,715.90905762
48.37787247,-104.29021454,716.39105225
48.45961380,-103.93725586,716.49877930
48.87257385,-102.11991882,717.05017090
49.14480209,-100.91516876,717.41510010
49.63925934,-98.71664429,718.08007813
49.79085159,-98.03695679,718.28515625
50.23964691,-96.00628662,718.89611816
50.47273254,-94.94541168,719.21472168
50.80089188,-93.43980408,719.66589355
50.84909058,-93.21016693,719.73394775
51.17274857,-91.61002350,720.20306396
51.40197754,-90.46810913,720.53710938
51.84241104,-88.26187134,721.18151855
51.99069595,-87.51271820,721.39984131
52.47293091,-85.05759430,722.11370850
52.73799133,-83.70234680,722.50732422
53.13928986,-81.63998413,723.10546875
53.21819305,-81.22749329,723.22448730
53.57382965,-79.33298492,723.76855469
53.79975128,-78.12161255,724.11584473
54.19718170,-75.97822571,724.72937012
54.31192017,-75.35240173,724.90802002
54.62841797,-73.60176849,725.40576172
54.78495789,-72.72705078,725.65380859
54.99026871,-71.56196594,725.98291016
55.00971222,-71.43803406,726.01690674
55.20451736,-70.17315674,726.38806152
55.35205460,-69.21290588,726.67211914
55.64904022,-67.27694702,727.24792480
55.75606155,-66.57780457,727.45739746
56.12498474,-64.16354370,728.18493652
56.33418274,-62.79331970,728.59912109
56.66259003,-60.64016724,729.25207520
56.73488235,-60.16483307,729.39764404
57.09994507,-57.75828552,730.14062500
57.34056854,-56.17086792,730.63201904
57.77757263,-53.28602600,731.52685547
57.91152191,-52.40071869,731.80242920
58.30801010,-49.77697754,732.62261963
58.51390076,-48.41336823,733.05004883
58.80372238,-46.49174500,733.65454102
58.84624863,-46.20824432,733.74523926
59.13156891,-44.29561996,734.36779785
59.33360291,-42.93973160,734.81060791
59.72172928,-40.33271790,735.66424561
59.85237503,-39.45402527,735.95312500
60.27716064,-36.59362030,736.89672852
60.51061630,-35.02053833,737.41674805
60.86401367,-32.63732910,738.20642090
60.93347168,-32.16766357,738.36334229
61.24634933,-30.04556656,739.07843018
61.44507217,-28.69628906,739.53442383
61.79460907,-26.32080078,740.33953857
61.89549255,-25.63394547,740.57360840
62.17364502,-23.73565292,741.22473145
62.31118011,-22.79540443,741.54882813
62.49148560,-21.55953217,741.97802734
62.50849915,-21.44046211,742.02172852
62.65728760,-20.24660873,742.55065918
62.76781464,-19.34237671,742.96032715
62.98744202,-17.52211761,743.79675293
63.06517029,-16.86613083,744.10412598
63.32917404,-14.60468864,745.18017578
63.47773743,-13.32229805,745.79504395
63.70893860,-11.30910301,746.76873779
63.75854874,-10.86589813,746.98846436
64.00325775,-8.62760735,748.12231445
64.16339111,-7.15227890,748.87451172
64.45247650,-4.47280598,750.24792480
64.54013062,-3.65144348,750.67285156
64.79641724,-1.22021699,751.94403076
64.92844391,0.04232919,752.60858154
65.11224365,1.81958961,753.55261230
65.13775635,2.08040953,753.69714355
65.29904175,3.83065891,754.70867920
65.41177368,5.07005215,755.43109131
65.62625122,7.45111513,756.82763672
65.69735718,8.25263309,757.30224609
65.92533875,10.85878944,758.85894775
66.04965210,12.29112053,759.71862793
66.23602295,14.45940113,761.02752686
66.27145386,14.88559628,761.28979492
66.42502594,16.80562973,762.49645996
66.52121735,18.02517891,763.26843262
66.68829346,20.17030716,764.63525391
66.73530579,20.78944016,765.03472900
66.86076355,22.49669075,766.15368652
66.92127991,23.34091568,766.71331787
66.99755859,24.44775009,767.45971680
67.00241852,24.55224228,767.53991699
67.00515747,25.70109367,768.32849121
67.00265503,26.58133316,768.92407227
66.99155426,28.36661911,770.12109375
66.98454285,29.01662064,770.55151367
66.95204163,31.27579498,772.03228760
66.93118286,32.56222916,772.87121582
66.89417267,34.59116364,774.18676758
66.88330841,35.04381943,774.47546387
66.81607056,37.35701752,775.92932129
66.76930237,38.88710403,776.88671875
66.68065643,41.67419434,778.62438965
66.65144348,42.53303909,779.15637207
66.55829620,45.08988953,780.72863770
66.50766754,46.42263031,781.54437256
66.43206787,48.30824280,782.69122314
66.41789246,48.59173584,782.85852051
66.30178070,50.54037476,783.97387695
66.21643066,51.92713928,784.76263428
66.04803467,54.60103989,786.27642822
65.98905182,55.50619507,786.78521729
65.79043579,58.46435547,788.43731689
65.67917633,60.09476852,789.34454346
65.50692749,62.57131958,790.71667480
65.47054291,63.06366730,790.98559570
65.29379272,65.30998230,792.19238281
65.17867279,66.74304962,792.95800781
64.97169495,69.27362061,794.30310059
64.90940857,70.00962067,794.69049072
64.72880554,72.05858612,795.75573730
64.63628387,73.07884216,796.28131104
64.50850677,74.43074036,796.96826172
64.49149323,74.56924438,797.03149414
64.33219147,75.92114258,797.63964844
64.21266174,76.94139862,798.09777832
63.97352600,78.99035645,799.01666260
63.88808441,79.72635651,799.34619141
63.59556580,82.25692749,800.47747803
63.43028259,83.68999481,801.11767578
63.17185211,85.93630981,802.12036133
63.11562347,86.42864990,802.33953857
62.83468628,88.90521240,803.43994141
62.65011597,90.53562164,804.16394043
62.31579590,93.49378967,805.47674561
62.21381378,94.39894104,805.87805176
61.91357803,97.07283020,807.06225586
61.75821686,98.45959473,807.67602539
61.54058075,100.40823364,808.53759766
61.50939560,100.69172668,808.66235352
61.30526733,102.57734680,809.48785400
61.16148376,103.91007996,810.07067871
60.88633347,106.46693420,811.18804932
60.79427338,107.32577515,811.56286621
60.49661636,110.11286926,812.77795410
60.33353806,111.64295197,813.44458008
60.08760452,113.95614624,814.45166016
60.03988266,114.40879822,814.64819336
59.82803345,116.43774414,815.52667236
59.69417191,117.72418213,816.08306885
59.45981598,119.98335266,817.05920410
59.39279938,120.63334656,817.33953857
59.21016693,122.41863251,818.10772705
59.12064362,123.29887390,818.48583984
59.00485611,124.44772339,818.97802734
58.99513245,124.55221558,819.02172852
58.89510345,125.67480469,819.55065918
58.81908417,126.53254700,819.96032715
58.66571045,128.26905823,820.79681396
58.61027527,128.89976501,821.10418701
58.41867828,131.08766174,822.18017578
58.30989838,132.33229065,822.79504395
58.13888931,134.29316711,823.76879883
58.10108948,134.72929382,823.98852539
57.90950012,136.95191956,825.12237549
57.78308105,138.42091370,825.87451172
57.55327225,141.09490967,827.24792480
57.48271179,141.91793823,827.67291260
57.27348328,144.36489868,828.94403076
57.16470337,145.63929749,829.60858154
57.01133347,147.44030762,830.55249023
56.98865509,147.70962524,830.69708252
56.83528137,149.55116272,831.70855713
56.72650146,150.86029053,832.43090820
56.51727295,153.38252258,833.82751465
56.44671631,154.23530579,834.30218506
56.21690369,157.01928711,835.85888672
56.09048462,158.55276489,836.71856689
55.89889526,160.88040161,838.02746582
55.86109161,161.34202576,838.28967285
55.69008255,163.44264221,839.49633789
55.58130646,164.78152466,840.26837158
55.38971329,167.14389038,841.63513184
55.33427048,167.82989502,842.03460693
55.18090057,169.73591614,843.15356445
55.10487747,170.68365479,843.71325684
55.00484848,171.93678284,844.45971680
54.99513245,172.06314087,844.53991699
54.99489212,173.57360840,845.28643799
55.00440979,174.74194336,845.84606934
55.03636551,177.12593079,846.96508789
55.05424118,178.00100708,847.36456299
55.13351440,181.06192017,848.73132324
55.18358231,182.81048584,849.50335693
55.27121735,185.57812500,850.70996094
55.29625702,186.20181274,850.97222900
55.44884872,189.41708374,852.28112793
55.55459595,191.54931641,853.14074707
55.75450134,195.44149780,854.69750977
55.82009888,196.64544678,855.17211914
56.02836609,200.24435425,856.56866455
56.14128113,202.12522888,857.29113770
56.30939484,204.79585266,858.30261230
56.34057617,205.20410156,858.44714355
56.67301178,208.53799438,859.48565674
56.92677307,210.98738098,860.23120117
57.44020081,215.81811523,861.67797852
57.62652206,217.50933838,862.17236328
58.27243423,223.20184326,863.80236816
58.63975143,226.38992310,864.70507813
59.21822739,231.32427979,866.08398438
59.34674835,232.36566162,866.36328125
60.14742279,238.31831360,867.83862305
60.70519638,242.37918091,868.82403564
61.76376343,249.96279907,870.63317871
62.11333466,252.40216064,871.19848633
63.50160217,261.66336060,873.23303223
64.34197235,267.16213989,874.41162109
66.25955963,279.32531738,876.91137695
68.00000000,290.00000000,879.00000000
